P -43.5700, 56.6509, -11.7368,  240, 0, 0,  3,  to_Laurion_Inn
P 107.9258, 129.4203, 33.2916,  0, 127, 127,  2,  Thormir_Helmsbane_(Quests)
P 108.3070, 121.3809, 32.1028,  0, 127, 127,  2,  Gunder_Ironheart_(Quests)
P 91.6451, 136.1722, 33.3301,  0, 0, 0,  2,  Glax
P 1454.1277, -1889.7793, 273.9172,  0, 0, 0,  2,  Ghoul
P -1256.9429, -1799.8163, 350.1391,  0, 0, 0,  2,  Captain_Claws
P -83.6567, -1219.9496, 415.3589,  0, 0, 0,  2,  Grizal
P -226.5056, -1104.4728, 415.3578,  0, 0, 0,  2,  Cindrel_Mirthas
P -171.5096, -1161.1476, 415.3582,  0, 0, 0,  2,  Brawry_Mudsnout
P -79.3461, -1158.0265, 415.3577,  0, 0, 0,  2,  Minzi_Woggins
P -284.4807, -1159.0625, 415.3585,  0, 0, 0,  2,  a_catatonic_prisoner
P -148.3453, -1249.9124, 415.3578,  0, 0, 0,  2,  Aarrwan_Fernfoot
P -171.3670, -1161.1996, 446.2843,  0, 0, 0,  2,  Geller_Mickwiggum
P -192.1827, -1336.0969, 446.2838,  0, 0, 0,  2,  Tawny_Stoutport
P -83.6879, -1221.0570, 446.2831,  0, 0, 0,  2,  Delfina_Feykin
P -88.0573, -1105.1558, 446.2838,  0, 0, 0,  2,  an_unconscious_prisoner
P 368.3876, -2952.1719, 507.4884,  0, 0, 0,  2,  Homer
P -31.1837, -1101.7859, 478.9871,  0, 0, 0,  2,  Bruiser
P 146.6053, -995.5970, 496.0980,  0, 0, 0,  2,  Spike
P -1623.9552, -1769.9972, 441.8116,  0, 0, 0,  2,  Patches
P -178.5275, -1246.0807, 415.3583,  255, 255, 255,  1,  .
P -954.4075, -1980.2759, 359.3645,  255, 255, 255,  1,  .
P -972.4807, -1553.7499, 462.0454,  255, 255, 255,  1,  .
P -1039.6812, -1577.8705, 438.1491,  255, 255, 255,  1,  .
P -304.3726, -1125.3838, 415.5618,  255, 255, 255,  1,  .
P -178.2941, -1169.5708, 475.6134,  255, 255, 255,  1,  .
P -61.3356, -1281.8667, 475.6135,  255, 255, 255,  1,  .
P -74.1130, -1241.6604, 475.6136,  255, 255, 255,  1,  .
P 66.1684, -940.8162, 481.1462,  255, 255, 255,  1,  .
P -2022.0287, -1452.9315, 445.7240,  255, 255, 255,  1,  .
P -834.5038, -2257.8174, 414.9185,  255, 255, 255,  1,  .

