P 1594.1570, -13.4482, -182.6572,  240, 0, 0,  3,  to_The_Theater_of_Eternity
P -427.2459, -8.5704, 109.6313,  240, 0, 0,  3,  to_The_Gilded_Spire
P -384.1129, -6.8458, -0.3687,  240, 0, 0,  3,  to_The_Harbinger`s_Cradle
P 1370.0000, 20.0000, -142.1333,  240, 0, 0,  2,  Succor
P 1502.5884, 70.3654, -144.7699,  0, 240, 240,  2,  Lokta_Geroth_(Raids,Missions)
P 1512.8969, 27.0535, -167.0010,  0, 127, 127,  2,  Researcher_Rosinda_Wrannstad_(Quests)
P 1528.9119, 11.9088, -171.2145,  0, 127, 127,  2,  Sergeant_Crog_(Quests)
P 1530.3057, -74.0854, -137.6443,  0, 240, 240,  2,  Admiral_Karkoni_(Raid)
P -410.9717, -53.3130, 110.8109,  127, 64, 0,  2,  Scalewrought_Marshal_(Hunter)
P -376.0001, 196.7355, 110.8485,  127, 64, 0,  2,  Scalewrought_director_(Hunter)
P -94.3165, 14.1946, -0.3687,  240, 240, 0,  2,  Elevator_(click_orb)
P -95.2378, -16.8955, -0.3687,  240, 240, 0,  2,  Elevator_(click_orb)
P 242.9865, 233.1377, -0.3687,  240, 240, 0,  1,  .
P 476.8915, 54.8859, -0.3687,  240, 240, 0,  1,  .
P -11.0091, -145.9267, -0.3687,  240, 240, 0,  1,  .
P 22.0092, -36.8157, -0.3687,  240, 240, 0,  1,  .
P 10.0428, 156.1820, -0.3687,  240, 240, 0,  1,  .
P -52.9944, 103.9191, -0.3687,  240, 240, 0,  1,  .
P -76.0285, 219.0360, -0.3687,  240, 240, 0,  1,  .
P -100.9752, -176.7854, 109.6313,  240, 240, 0,  1,  .
P -139.8556, 28.7141, 109.6312,  0, 0, 240,  1,  GS:_Empty_Dodecahedron
P -279.9345, 229.9901, 109.6312,  240, 240, 0,  1,  .
P -316.8657, -228.8986, 109.6313,  240, 240, 0,  1,  .
P -442.7100, -147.2394, 109.6312,  240, 240, 0,  1,  .
P -95.3786, -19.8892, 109.6313,  240, 240, 0,  2,  Elevator_(click_orb)
P -95.2396, 15.1991, 109.6313,  240, 240, 0,  2,  Elevator_(click_orb)
P 9.0427, -234.0448, -0.3687,  240, 240, 0,  1,  .
P -224.0640, -228.8584, -0.3687,  240, 240, 0,  1,  .
P -93.1883, 232.0440, 109.2995,  240, 240, 0,  1,  .
P -293.8050, 25.8336, 109.2995,  240, 240, 0,  1,  .
P -266.1812, -81.7704, 109.2995,  240, 240, 240,  2,  Ice_Room
P -81.8521, -111.2353, 109.2995,  0, 0, 240,  1,  GS:_Empty_Dodecehedron
P -156.1661, -224.1763, 109.2996,  240, 240, 0,  1,  .
P 386.1417, 231.5626, -0.6984,  240, 240, 0,  1,  .
P 411.1786, 120.2903, -0.7004,  240, 240, 0,  1,  .
P 452.3758, -20.3981, 109.2995,  0, 0, 240,  1,  GS:_Partially_Empowered_Dodecahedron
P 455.4302, 114.3666, 109.2995,  0, 0, 240,  1,  GS:_Partially_Empowered_Dodecahedron
P 447.1613, -81.3126, 109.2995,  0, 0, 240,  1,  GS:_Partially_Empowered_Dodecahedron
