P 454.6573, 690.7875, 71.5053,  240, 0, 0,  3,  to_Deepshade_(one-way)
P -102.0000, -562.0000, 182.0000,  0, 127, 127,  2,  Yasil,_the_Great_Tiger_Spirit_(Quests)
P -57.0000, -534.0000, 184.0000,  0, 127, 127,  2,  Valia,_the_Great_Bear_Spirit_(Quests)
P -13.0000, -503.0000, 183.0000,  0, 127, 127,  2,  Shae,_the_Great_Wolf_Spirit_(Quests)
P -13.4793, -623.5173, 207.6754,  0, 127, 127,  2,  Kejaan_Kerrath_(Quests)
P -34.0606, -394.6407, 183.1269,  0, 0, 0,  2,  Boyo,_a_pinning_spirit
P -440.6506, 216.8682, 34.2946,  127, 64, 0,  2,  Eelworm_(Hunter)
P -298.2484, 193.6659, 32.0660,  127, 64, 0,  2,  Eelworm_(Hunter,Roam)
P -229.5936, 313.4057, 55.2482,  127, 64, 0,  2,  Mycorrihizal_Mutation_(Hunter,Roam)
P -785.6937, 397.3896, 64.5597,  127, 64, 0,  2,  Rabid_Rhizanthella_(Hutner)
P 468.4796, -183.1075, 186.2915,  127, 64, 0,  2,  Variegated_Monstera_(Hunter)
P -384.3984, 306.9821, 66.2596,  240, 240, 240,  1,  .
P -684.2663, -326.2450, 53.9499,  240, 240, 0,  1,  .
P -597.7368, -493.0807, 58.3354,  240, 240, 0,  1,  .
P 83.9709, -661.6337, 183.4858,  240, 240, 0,  1,  .
P -23.4612, -559.4561, 177.0201,  240, 240, 0,  1,  .
P 64.2856, -379.8365, 184.2832,  240, 240, 0,  1,  .
P -59.4384, -215.8719, 185.1691,  240, 240, 0,  1,  .
P 909.0573, -919.7524, 186.0313,  240, 240, 0,  1,  .
P 115.1646, -418.4709, 216.3021,  240, 240, 0,  1,  .
P 622.8276, -212.5331, 189.6508,  240, 240, 240,  1,  .
P 452.0358, 389.3974, 127.4546,  240, 240, 240,  1,  .
P -552.6783, -297.6360, 49.5156,  240, 240, 0,  1,  .
P -498.6441, -297.3861, 52.5816,  240, 240, 0,  1,  .
P -177.3586, 205.7607, 47.8220,  240, 240, 240,  1,  .
P -246.1238, 582.3884, 59.0759,  240, 240, 240,  1,  .
P 302.0939, -118.7940, 184.6492,  240, 240, 240,  1,  .
