P 647.1979, -1023.7979, 146.1935,  240, 0, 0,  3,  from_Darklight_Caverns
P -417.8226, 1939.5728, -82.6719,  240, 0, 0,  3,  to_Ruins_of_Shadow_Haven
P 343.6996, -542.3722, 20.5281,  240, 240, 240,  1,  .
P -769.4210, 468.5733, -11.6679,  240, 240, 240,  1,  .
P -742.7278, -88.6429, 40.9226,  240, 240, 240,  1,  .
P 521.4163, -843.1248, -24.4569,  240, 240, 240,  1,  .
P 589.3700, -961.2853, -24.4019,  240, 240, 240,  1,  .
P 1191.4330, -191.0990, -244.9090,  240, 240, 0,  1,  .
P 783.6752, -499.5441, -259.5807,  240, 240, 240,  1,  .
P 1248.5475, 491.3837, -334.8696,  240, 240, 0,  1,  .
P -775.8547, -713.4258, -417.4271,  240, 240, 0,  1,  .
P 768.0810, -18.1599, -348.3341,  240, 240, 0,  1,  .
P 199.1480, 247.8288, -227.7258,  127, 64, 0,  2,  Faceted_Windra_(Hunter)
P 61.9948, 1487.5553, 29.1248,  0, 127, 127,  2,  Toober_(Quests)
P -518.8738, 1765.1150, -46.7457,  0, 0, 0,  2,  Kwilrz_Vn`Ycxa
P 278.2719, 859.1450, 23.2219,  240, 240, 0,  1,  .
P 175.0488, 1113.8304, -343.5516,  127, 64, 0,  2,  Sehtab_Mahilnee_(Hunter,Roam)
