P 2.3128, 65.6691, -1.3332,  240, 0, 0,  3,  to_Aureate_Covert
P 1.0000, 52.0000, -1.7639,  240, 0, 0,  2,  Succor
P -411.2053, -354.4485, 271.2250,  0, 127, 127,  2,  Koredi_Onalen_(Quests)
P -264.4915, -149.3902, -1.3332,  0, 127, 127,  2,  Fipnoc_Birribit_(Quests)
P 201.2135, -154.1141, -1.2764,  0, 127, 127,  2,  a_wayward_steward_(Quests)
P -455.9030, -537.0698, 5.5765,  240, 240, 0,  1,  .
P 309.0036, -413.9877, 271.5389,  240, 240, 0,  1,  .
P 198.1851, -519.7257, 271.2251,  240, 240, 0,  1,  .
P -57.9108, -189.1398, 543.8443,  240, 240, 0,  1,  .
P 539.0303, -283.9759, 683.5385,  240, 240, 0,  1,  .
P -153.7822, -226.7203, 853.4115,  0, 0, 0,  2,  Narthu
P -199.2115, -294.9790, 855.3188,  0, 0, 0,  2,  Quirin
P -243.9090, -408.5381, 856.0750,  0, 0, 0,  2,  Valanor
P -194.9463, -523.2969, 855.4551,  0, 0, 0,  2,  Lysara
P -103.9024, -632.8552, 1087.5836,  240, 240, 0,  1,  .
P -244.9945, -615.1581, 1152.9928,  240, 240, 0,  1,  .
P 247.1964, -262.8945, 947.5286,  0, 0, 0,  2,  Bellafore
P -413.7501, -597.5635, 634.6363,  127, 64, 0,  2,  Mirala_(Hunter,Roam)
P 154.7082, -427.0003, -1.5841,  240, 240, 0,  1,  .
