L 164.4000, -18.9000, 20.3000,  150.0000, -16.4000, 20.2000,  0, 0, 255
L 150.0000, -16.4000, 20.2000,  148.4000, -16.2000, 20.2000,  0, 0, 255
L 148.4000, -16.2000, 20.2000,  129.1000, -14.5000, 20.7000,  0, 0, 255
L 129.1000, -14.5000, 20.7000,  127.8000, -14.5000, 20.7000,  0, 0, 255
L 127.8000, -14.5000, 20.7000,  118.6000, -15.1000, 20.7000,  0, 0, 255
L 118.6000, -15.1000, 20.7000,  116.8000, -15.8000, 20.8000,  0, 0, 255
L 116.8000, -15.8000, 20.8000,  106.7000, -19.6000, 19.7000,  0, 0, 255
L 106.7000, -19.6000, 19.7000,  105.2000, -20.1000, 19.4000,  0, 0, 255
L 105.2000, -20.1000, 19.4000,  100.6000, -21.1000, 18.7000,  0, 0, 255
L 100.6000, -21.1000, 18.7000,  99.0000, -21.3000, 18.4000,  0, 0, 255
L 99.0000, -21.3000, 18.4000,  95.2000, -21.5000, 17.2000,  0, 0, 255
L 95.2000, -21.5000, 17.2000,  93.7000, -21.3000, 16.9000,  0, 0, 255
L 93.7000, -21.3000, 16.9000,  80.8000, -19.6000, 11.6000,  0, 0, 255
L 80.8000, -19.6000, 11.6000,  79.0000, -19.6000, 11.3000,  0, 0, 255
L 79.0000, -19.6000, 11.3000,  76.9000, -19.7000, 10.6000,  0, 0, 255
L 76.9000, -19.7000, 10.6000,  75.1000, -19.9000, 10.4000,  0, 0, 255
L 75.1000, -19.9000, 10.4000,  61.5000, -21.7000, 1.3000,  0, 0, 255
L 61.5000, -21.7000, 1.3000,  59.9000, -22.4000, 1.2000,  0, 0, 255
L 59.9000, -22.4000, 1.2000,  57.7000, -23.5000, 2.8000,  0, 0, 255
L 57.7000, -23.5000, 2.8000,  55.8000, -23.7000, 4.4000,  0, 0, 255
L 55.8000, -23.7000, 4.4000,  26.0000, -22.2000, -0.7000,  0, 0, 255
L 26.0000, -22.2000, -0.7000,  -14.4000, -20.3000, -0.5000,  0, 0, 255
L -14.4000, -20.3000, -0.5000,  -17.8000, -20.5000, -0.4000,  0, 0, 255
L -17.8000, -20.5000, -0.4000,  -19.1000, -21.2000, -0.2000,  0, 0, 255
L -19.1000, -21.2000, -0.2000,  -27.2000, -25.4000, 0.2000,  0, 0, 255
L -27.2000, -25.4000, 0.2000,  -28.6000, -26.6000, 0.2000,  0, 0, 255
L -28.6000, -26.6000, 0.2000,  -38.1000, -34.3000, -0.2000,  0, 0, 255
L -38.1000, -34.3000, -0.2000,  -39.7000, -35.4000, -0.3000,  0, 0, 255
L -39.7000, -35.4000, -0.3000,  -41.3000, -36.3000, -0.5000,  0, 0, 255
L -41.3000, -36.3000, -0.5000,  -43.0000, -37.0000, -0.7000,  0, 0, 255
L -43.0000, -37.0000, -0.7000,  -44.5000, -37.5000, -0.9000,  0, 0, 255
L -44.5000, -37.5000, -0.9000,  -46.1000, -37.9000, -0.8000,  0, 0, 255
L -46.1000, -37.9000, -0.8000,  -47.9000, -37.9000, -0.5000,  0, 0, 255
L -47.9000, -37.9000, -0.5000,  -49.2000, -36.8000, -0.5000,  0, 0, 255
L -49.2000, -36.8000, -0.5000,  -54.6000, -32.5000, -0.7000,  0, 0, 255
L -54.6000, -32.5000, -0.7000,  -55.9000, -31.2000, -0.8000,  0, 0, 255
L -55.9000, -31.2000, -0.8000,  -67.9000, -19.1000, -0.9000,  0, 0, 255
L -67.9000, -19.1000, -0.9000,  -69.1000, -17.6000, -0.8000,  0, 0, 255
L -69.1000, -17.6000, -0.8000,  -70.1000, -16.0000, -0.8000,  0, 0, 255
L -70.1000, -16.0000, -0.8000,  -70.9000, -14.5000, -0.8000,  0, 0, 255
L -70.9000, -14.5000, -0.8000,  -71.5000, -13.0000, -0.9000,  0, 0, 255
L -71.5000, -13.0000, -0.9000,  -72.2000, -11.2000, -1.0000,  0, 0, 255
L -72.2000, -11.2000, -1.0000,  -72.8000, -9.6000, -1.1000,  0, 0, 255
L -72.8000, -9.6000, -1.1000,  -73.4000, -7.7000, -1.3000,  0, 0, 255
L -73.4000, -7.7000, -1.3000,  -73.7000, -6.0000, -1.0000,  0, 0, 255
L -73.7000, -6.0000, -1.0000,  -73.3000, -2.5000, -0.6000,  0, 0, 255
L -73.3000, -2.5000, -0.6000,  -72.4000, -0.8000, -0.6000,  0, 0, 255
L -72.4000, -0.8000, -0.6000,  -67.8000, 8.5000, -0.8000,  0, 0, 255
L -67.8000, 8.5000, -0.8000,  -66.9000, 9.9000, -0.9000,  0, 0, 255
L -66.9000, 9.9000, -0.9000,  -65.9000, 11.4000, -1.0000,  0, 0, 255
L -65.9000, 11.4000, -1.0000,  -64.8000, 12.6000, -1.0000,  0, 0, 255
L -64.8000, 12.6000, -1.0000,  -63.5000, 13.9000, -0.8000,  0, 0, 255
L -63.5000, 13.9000, -0.8000,  -61.7000, 14.8000, -0.8000,  0, 0, 255
L -61.7000, 14.8000, -0.8000,  -59.9000, 15.4000, -0.8000,  0, 0, 255
L -59.9000, 15.4000, -0.8000,  -47.7000, 19.7000, -1.1000,  0, 0, 255
L -47.7000, 19.7000, -1.1000,  -45.9000, 20.1000, -1.2000,  0, 0, 255
L -45.9000, 20.1000, -1.2000,  -44.3000, 19.5000, -1.3000,  0, 0, 255
L -44.3000, 19.5000, -1.3000,  -42.6000, 18.7000, -1.3000,  0, 0, 255
L -42.6000, 18.7000, -1.3000,  -27.6000, 11.0000, 0.1000,  0, 0, 255
L -27.6000, 11.0000, 0.1000,  -25.9000, 10.0000, 0.3000,  0, 0, 255
L -25.9000, 10.0000, 0.3000,  -19.7000, 6.7000, -0.1000,  0, 0, 255
L -19.7000, 6.7000, -0.1000,  -17.8000, 6.5000, -0.2000,  0, 0, 255
L -17.8000, 6.5000, -0.2000,  -16.0000, 6.4000, -0.2000,  0, 0, 255
L -16.0000, 6.4000, -0.2000,  3.8000, 5.1000, -0.2000,  0, 0, 255
L 3.8000, 5.1000, -0.2000,  8.8000, 5.1000, -0.1000,  0, 0, 255
L 8.8000, 5.1000, -0.1000,  10.8000, 5.3000, -0.1000,  0, 0, 255
L 10.8000, 5.3000, -0.1000,  20.4000, 6.3000, -0.4000,  0, 0, 255
L 20.4000, 6.3000, -0.4000,  22.1000, 6.3000, -0.5000,  0, 0, 255
L 22.1000, 6.3000, -0.5000,  33.6000, 6.8000, -0.6000,  0, 0, 255
L 33.6000, 6.8000, -0.6000,  35.4000, 7.1000, -0.6000,  0, 0, 255
L 35.4000, 7.1000, -0.6000,  37.2000, 7.5000, -0.6000,  0, 0, 255
L 37.2000, 7.5000, -0.6000,  52.5000, 10.9000, -0.9000,  0, 0, 255
L 52.5000, 10.9000, -0.9000,  54.5000, 10.9000, -1.1000,  0, 0, 255
L 54.5000, 10.9000, -1.1000,  56.2000, 10.8000, 1.9000,  0, 0, 255
L 56.2000, 10.8000, 1.9000,  58.1000, 10.4000, 1.8000,  0, 0, 255
L 58.1000, 10.4000, 1.8000,  59.8000, 10.0000, 1.8000,  0, 0, 255
L 59.8000, 10.0000, 1.8000,  69.2000, 6.9000, 7.0000,  0, 0, 255
L 69.2000, 6.9000, 7.0000,  75.9000, 5.0000, 10.6000,  0, 0, 255
L 75.9000, 5.0000, 10.6000,  77.8000, 4.8000, 11.1000,  0, 0, 255
L 77.8000, 4.8000, 11.1000,  94.4000, 3.7000, 16.2000,  0, 0, 255
L 94.4000, 3.7000, 16.2000,  96.1000, 3.4000, 16.9000,  0, 0, 255
L 96.1000, 3.4000, 16.9000,  113.2000, 1.1000, 20.5000,  0, 0, 255
L 113.2000, 1.1000, 20.5000,  115.0000, 1.4000, 20.8000,  0, 0, 255
L 115.0000, 1.4000, 20.8000,  121.0000, 2.4000, 20.8000,  0, 0, 255
L 121.0000, 2.4000, 20.8000,  123.0000, 2.2000, 20.7000,  0, 0, 255
L 123.0000, 2.2000, 20.7000,  128.3000, 2.0000, 20.2000,  0, 0, 255
L 128.3000, 2.0000, 20.2000,  130.2000, 2.2000, 20.2000,  0, 0, 255
L 130.2000, 2.2000, 20.2000,  140.0000, 3.2000, 20.7000,  0, 0, 255
L 140.0000, 3.2000, 20.7000,  141.7000, 3.2000, 20.7000,  0, 0, 255
L 141.7000, 3.2000, 20.7000,  164.4000, 3.2000, 20.3000,  0, 0, 255
L 110.9000, 7.2000, 23.4000,  164.4000, 7.2000, 23.0000,  0, 0, 0
L 164.4000, 7.2000, 23.0000,  164.4000, -21.4000, 22.7000,  0, 0, 0
L 164.4000, -21.4000, 22.7000,  110.9000, -21.4000, 22.6000,  0, 0, 0
L 114.4000, -27.9000, 23.8000,  110.9000, -27.7000, 23.2000,  0, 0, 0
L 110.9000, -27.7000, 23.2000,  110.9000, -21.4000, 22.6000,  0, 0, 0
L 110.9000, 7.2000, 23.4000,  110.9000, 13.6000, 23.2000,  0, 0, 0
L 110.9000, 13.6000, 23.2000,  114.1000, 13.6000, 23.6000,  0, 0, 0
L 114.1000, 13.6000, 23.6000,  117.0000, 14.7000, 23.3000,  0, 0, 0
L 117.0000, 14.7000, 23.3000,  119.5000, 13.6000, 23.3000,  0, 0, 0
L 119.5000, 13.6000, 23.3000,  124.8000, 13.6000, 24.1000,  0, 0, 0
L -190.0000, 74.0000, -1.0000,  -187.0000, 74.0000, 0.0000,  0, 0, 0
L -187.0000, 74.0000, 0.0000,  -184.0000, 74.0000, 0.0000,  0, 0, 0
L -184.0000, 74.0000, 0.0000,  -180.0000, 73.0000, -1.0000,  0, 0, 0
L -180.0000, 73.0000, -1.0000,  -175.0000, 72.0000, 0.0000,  0, 0, 0
L -175.0000, 72.0000, 0.0000,  -169.0000, 70.0000, -3.0000,  0, 0, 0
L -169.0000, 70.0000, -3.0000,  -159.0000, 57.0000, 0.0000,  0, 0, 0
L -159.0000, 57.0000, 0.0000,  -160.0000, 42.0000, 3.0000,  0, 0, 0
L -160.0000, 42.0000, 3.0000,  -162.0000, 36.0000, 7.0000,  0, 0, 0
L -162.0000, 36.0000, 7.0000,  -162.0000, 27.0000, 7.0000,  0, 0, 0
L -162.0000, 27.0000, 7.0000,  -163.0000, 21.0000, 7.0000,  0, 0, 0
L -163.0000, 21.0000, 7.0000,  -164.0000, 12.0000, 6.0000,  0, 0, 0
L -164.0000, 12.0000, 6.0000,  -164.0000, 2.0000, 5.0000,  0, 0, 0
L -164.0000, 2.0000, 5.0000,  -165.0000, -7.0000, 3.0000,  0, 0, 0
L -165.0000, -7.0000, 3.0000,  -165.0000, -17.0000, 5.0000,  0, 0, 0
L -165.0000, -17.0000, 5.0000,  -166.0000, -25.0000, 6.0000,  0, 0, 0
L -166.0000, -25.0000, 6.0000,  -167.0000, -36.0000, 7.0000,  0, 0, 0
L -167.0000, -36.0000, 7.0000,  -166.0000, -51.0000, 7.0000,  0, 0, 0
L -166.0000, -51.0000, 7.0000,  -164.0000, -58.0000, 7.0000,  0, 0, 0
L -164.0000, -58.0000, 7.0000,  -162.0000, -64.0000, 7.0000,  0, 0, 0
L -162.0000, -64.0000, 7.0000,  -161.0000, -76.0000, 7.0000,  0, 0, 0
L -161.0000, -76.0000, 7.0000,  -162.0000, -104.0000, 7.0000,  0, 0, 0
L -162.0000, -104.0000, 7.0000,  -163.0000, -109.0000, 6.0000,  0, 0, 0
L -163.0000, -109.0000, 6.0000,  -165.0000, -118.0000, 4.0000,  0, 0, 0
L -165.0000, -118.0000, 4.0000,  -170.0000, -127.0000, 8.0000,  0, 0, 0
L -170.0000, -127.0000, 8.0000,  -171.0000, -130.0000, 10.0000,  0, 0, 0
L -171.0000, -130.0000, 10.0000,  -170.0000, -146.0000, 9.0000,  0, 0, 0
L -170.0000, -146.0000, 9.0000,  -168.0000, -151.0000, 10.0000,  0, 0, 0
L -168.0000, -151.0000, 10.0000,  -164.0000, -156.0000, 8.0000,  0, 0, 0
L -164.0000, -156.0000, 8.0000,  -149.0000, -171.0000, 9.0000,  0, 0, 0
L -149.0000, -171.0000, 9.0000,  -148.0000, -173.0000, 9.0000,  0, 0, 0
L -148.0000, -173.0000, 9.0000,  -143.0000, -175.0000, 10.0000,  0, 0, 0
L -143.0000, -175.0000, 10.0000,  -136.0000, -176.0000, 11.0000,  0, 0, 0
L -136.0000, -176.0000, 11.0000,  -126.0000, -175.0000, 9.0000,  0, 0, 0
L -126.0000, -175.0000, 9.0000,  -116.0000, -175.0000, 8.0000,  0, 0, 0
L -116.0000, -175.0000, 8.0000,  -104.0000, -175.0000, 7.0000,  0, 0, 0
L -104.0000, -175.0000, 7.0000,  -89.0000, -175.0000, 7.0000,  0, 0, 0
L -89.0000, -175.0000, 7.0000,  -74.0000, -180.0000, 8.0000,  0, 0, 0
L -74.0000, -180.0000, 8.0000,  -65.0000, -184.0000, 15.0000,  0, 0, 0
L -65.0000, -184.0000, 15.0000,  -54.0000, -184.0000, 7.0000,  0, 0, 0
L -54.0000, -184.0000, 7.0000,  -34.0000, -183.0000, 0.0000,  0, 0, 0
L -34.0000, -183.0000, 0.0000,  -6.0000, -182.0000, -1.0000,  0, 0, 0
L -6.0000, -182.0000, -1.0000,  3.0000, -182.0000, 0.0000,  0, 0, 0
L 3.0000, -182.0000, 0.0000,  17.0000, -182.0000, 6.0000,  0, 0, 0
L 17.0000, -182.0000, 6.0000,  20.0000, -181.0000, 7.0000,  0, 0, 0
L 20.0000, -181.0000, 7.0000,  30.0000, -179.0000, 5.0000,  0, 0, 0
L 30.0000, -179.0000, 5.0000,  43.0000, -174.0000, 8.0000,  0, 0, 0
L 43.0000, -174.0000, 8.0000,  52.0000, -169.0000, 0.0000,  0, 0, 0
L 52.0000, -169.0000, 0.0000,  74.0000, -163.0000, 0.0000,  0, 0, 0
L 74.0000, -163.0000, 0.0000,  80.0000, -159.0000, 2.0000,  0, 0, 0
L 80.0000, -159.0000, 2.0000,  84.0000, -154.0000, 3.0000,  0, 0, 0
L 84.0000, -154.0000, 3.0000,  88.0000, -147.0000, 1.0000,  0, 0, 0
L 88.0000, -147.0000, 1.0000,  93.0000, -140.0000, 6.0000,  0, 0, 0
L 93.0000, -140.0000, 6.0000,  100.0000, -130.0000, 5.0000,  0, 0, 0
L 100.0000, -130.0000, 5.0000,  103.0000, -128.0000, 0.0000,  0, 0, 0
L 103.0000, -128.0000, 0.0000,  111.0000, -131.0000, 7.0000,  0, 0, 0
L 111.0000, -131.0000, 7.0000,  118.0000, -124.0000, 8.0000,  0, 0, 0
L 118.0000, -124.0000, 8.0000,  119.0000, -120.0000, 9.0000,  0, 0, 0
L 119.0000, -120.0000, 9.0000,  119.0000, -118.0000, 9.0000,  0, 0, 0
L 119.0000, -118.0000, 9.0000,  120.0000, -96.0000, 11.0000,  0, 0, 0
L 120.0000, -96.0000, 11.0000,  118.0000, -91.0000, 13.0000,  0, 0, 0
L 118.0000, -91.0000, 13.0000,  115.0000, -84.0000, 15.0000,  0, 0, 0
L 115.0000, -84.0000, 15.0000,  111.0000, -72.0000, 19.0000,  0, 0, 0
L 111.0000, -72.0000, 19.0000,  109.0000, -63.0000, 22.0000,  0, 0, 0
L 109.0000, -63.0000, 22.0000,  108.0000, -57.0000, 22.0000,  0, 0, 0
L 108.0000, -57.0000, 22.0000,  107.0000, -50.0000, 17.0000,  0, 0, 0
L 107.0000, -50.0000, 17.0000,  111.0000, -42.0000, 25.0000,  0, 0, 0
L 111.0000, -42.0000, 25.0000,  113.0000, -34.0000, 24.0000,  0, 0, 0
L 113.0000, -34.0000, 24.0000,  113.0000, -32.0000, 24.0000,  0, 0, 0
L 124.0000, 13.0000, 22.0000,  120.0000, 17.0000, 21.0000,  0, 0, 0
L 120.0000, 17.0000, 21.0000,  114.0000, 25.0000, 21.0000,  0, 0, 0
L 114.0000, 25.0000, 21.0000,  114.0000, 40.0000, 24.0000,  0, 0, 0
L 114.0000, 40.0000, 24.0000,  115.0000, 51.0000, 25.0000,  0, 0, 0
L 115.0000, 51.0000, 25.0000,  117.0000, 59.0000, 16.0000,  0, 0, 0
L 117.0000, 59.0000, 16.0000,  119.0000, 65.0000, 14.0000,  0, 0, 0
L 119.0000, 65.0000, 14.0000,  119.0000, 70.0000, 12.0000,  0, 0, 0
L 119.0000, 70.0000, 12.0000,  121.0000, 79.0000, 17.0000,  0, 0, 0
L 121.0000, 79.0000, 17.0000,  121.0000, 94.0000, 19.0000,  0, 0, 0
L 121.0000, 94.0000, 19.0000,  120.0000, 99.0000, 22.0000,  0, 0, 0
L 120.0000, 99.0000, 22.0000,  115.0000, 105.0000, 15.0000,  0, 0, 0
L 115.0000, 105.0000, 15.0000,  112.0000, 109.0000, 18.0000,  0, 0, 0
L 112.0000, 109.0000, 18.0000,  109.0000, 110.0000, 19.0000,  0, 0, 0
L 109.0000, 110.0000, 19.0000,  101.0000, 115.0000, 9.0000,  0, 0, 0
L 101.0000, 115.0000, 9.0000,  94.0000, 122.0000, 18.0000,  0, 0, 0
L 94.0000, 122.0000, 18.0000,  89.0000, 123.0000, 4.0000,  0, 0, 0
L 89.0000, 123.0000, 4.0000,  88.0000, 125.0000, 0.0000,  0, 0, 0
L 88.0000, 125.0000, 0.0000,  78.0000, 135.0000, 0.0000,  0, 0, 0
L 78.0000, 135.0000, 0.0000,  71.0000, 141.0000, 0.0000,  0, 0, 0
L 71.0000, 141.0000, 0.0000,  68.0000, 144.0000, 0.0000,  0, 0, 0
L 68.0000, 144.0000, 0.0000,  66.0000, 147.0000, 2.0000,  0, 0, 0
L 66.0000, 147.0000, 2.0000,  61.0000, 152.0000, 5.0000,  0, 0, 0
L 61.0000, 152.0000, 5.0000,  47.0000, 159.0000, 5.0000,  0, 0, 0
L 47.0000, 159.0000, 5.0000,  23.0000, 165.0000, 6.0000,  0, 0, 0
L 23.0000, 165.0000, 6.0000,  19.0000, 164.0000, 1.0000,  0, 0, 0
L 19.0000, 164.0000, 1.0000,  11.0000, 163.0000, 3.0000,  0, 0, 0
L 11.0000, 163.0000, 3.0000,  -2.0000, 159.0000, 7.0000,  0, 0, 0
L -2.0000, 159.0000, 7.0000,  -12.0000, 160.0000, 2.0000,  0, 0, 0
L -12.0000, 160.0000, 2.0000,  -14.0000, 160.0000, 5.0000,  0, 0, 0
L -14.0000, 160.0000, 5.0000,  -20.0000, 161.0000, 7.0000,  0, 0, 0
L -20.0000, 161.0000, 7.0000,  -27.0000, 164.0000, 6.0000,  0, 0, 0
L -27.0000, 164.0000, 6.0000,  -32.0000, 166.0000, 3.0000,  0, 0, 0
L -32.0000, 166.0000, 3.0000,  -34.0000, 166.0000, 7.0000,  0, 0, 0
L -34.0000, 166.0000, 7.0000,  -44.0000, 166.0000, 12.0000,  0, 0, 0
L -44.0000, 166.0000, 12.0000,  -55.0000, 165.0000, 3.0000,  0, 0, 0
L -55.0000, 165.0000, 3.0000,  -57.0000, 165.0000, 6.0000,  0, 0, 0
L -57.0000, 165.0000, 6.0000,  -79.0000, 162.0000, 0.0000,  0, 0, 0
L -79.0000, 162.0000, 0.0000,  -104.0000, 159.0000, 0.0000,  0, 0, 0
L -104.0000, 159.0000, 0.0000,  -117.0000, 156.0000, 0.0000,  0, 0, 0
L -117.0000, 156.0000, 0.0000,  -128.0000, 153.0000, 0.0000,  0, 0, 0
L -128.0000, 153.0000, 0.0000,  -145.0000, 146.0000, 0.0000,  0, 0, 0
L -145.0000, 146.0000, 0.0000,  -163.0000, 141.0000, 2.0000,  0, 0, 0
L -163.0000, 141.0000, 2.0000,  -177.0000, 142.0000, 3.0000,  0, 0, 0
L -177.0000, 142.0000, 3.0000,  -189.0000, 145.0000, 4.0000,  0, 0, 0
L -189.0000, 145.0000, 4.0000,  -198.0000, 147.0000, 4.0000,  0, 0, 0
L -198.0000, 147.0000, 4.0000,  -206.0000, 150.0000, 4.0000,  0, 0, 0
L -206.0000, 150.0000, 4.0000,  -215.0000, 155.0000, 3.0000,  0, 0, 0
L -215.0000, 155.0000, 3.0000,  -222.0000, 159.0000, 2.0000,  0, 0, 0
L -222.0000, 159.0000, 2.0000,  -225.0000, 161.0000, 1.0000,  0, 0, 0
L -225.0000, 161.0000, 1.0000,  -233.0000, 168.0000, 1.0000,  0, 0, 0
L -233.0000, 168.0000, 1.0000,  -244.0000, 180.0000, -13.0000,  0, 0, 0
L -244.0000, 180.0000, -13.0000,  -242.0000, 185.0000, -14.0000,  0, 0, 0
L -242.0000, 185.0000, -14.0000,  -239.0000, 191.0000, -16.0000,  0, 0, 0
L -239.0000, 191.0000, -16.0000,  -238.0000, 198.0000, -18.0000,  0, 0, 0
L -238.0000, 198.0000, -18.0000,  -237.0000, 203.0000, -19.0000,  0, 0, 0
L -237.0000, 203.0000, -19.0000,  -236.0000, 208.0000, -21.0000,  0, 0, 0
L -236.0000, 208.0000, -21.0000,  -235.0000, 211.0000, -22.0000,  0, 0, 0
L -235.0000, 211.0000, -22.0000,  -234.0000, 214.0000, -23.0000,  0, 0, 0
L -234.0000, 214.0000, -23.0000,  -223.0000, 242.0000, -31.0000,  0, 0, 0
L -223.0000, 242.0000, -31.0000,  -208.0000, 269.0000, -40.0000,  0, 0, 0
L -208.0000, 269.0000, -40.0000,  -209.0000, 271.0000, -45.0000,  0, 0, 0
L -209.0000, 271.0000, -45.0000,  -205.0000, 275.0000, -44.0000,  0, 0, 0
L -205.0000, 275.0000, -44.0000,  -198.0000, 275.0000, -44.0000,  0, 0, 0
L -198.0000, 275.0000, -44.0000,  -170.0000, 269.0000, -43.0000,  0, 0, 0
L -170.0000, 269.0000, -43.0000,  -162.0000, 261.0000, -40.0000,  0, 0, 0
L -162.0000, 261.0000, -40.0000,  -155.0000, 254.0000, -43.0000,  0, 0, 0
L -155.0000, 254.0000, -43.0000,  -125.0000, 224.0000, -46.0000,  0, 0, 0
L -125.0000, 224.0000, -46.0000,  -119.0000, 212.0000, -44.0000,  0, 0, 0
L -119.0000, 212.0000, -44.0000,  -116.0000, 209.0000, -43.0000,  0, 0, 0
L -116.0000, 209.0000, -43.0000,  -114.0000, 206.0000, -44.0000,  0, 0, 0
L -114.0000, 206.0000, -44.0000,  -103.0000, 197.0000, -43.0000,  0, 0, 0
L -103.0000, 197.0000, -43.0000,  -98.0000, 194.0000, -40.0000,  0, 0, 0
L -98.0000, 194.0000, -40.0000,  -96.0000, 194.0000, -40.0000,  0, 0, 0
L -96.0000, 194.0000, -40.0000,  -83.0000, 193.0000, -38.0000,  0, 0, 0
L -83.0000, 193.0000, -38.0000,  -71.0000, 192.0000, -37.0000,  0, 0, 0
L -71.0000, 192.0000, -37.0000,  -40.0000, 197.0000, -45.0000,  0, 0, 0
L -40.0000, 197.0000, -45.0000,  -38.0000, 197.0000, -45.0000,  0, 0, 0
L -38.0000, 197.0000, -45.0000,  -28.0000, 203.0000, -47.0000,  0, 0, 0
L -28.0000, 203.0000, -47.0000,  -17.0000, 213.0000, -48.0000,  0, 0, 0
L -17.0000, 213.0000, -48.0000,  -14.0000, 218.0000, -47.0000,  0, 0, 0
L -14.0000, 218.0000, -47.0000,  -12.0000, 221.0000, -47.0000,  0, 0, 0
L -12.0000, 221.0000, -47.0000,  -11.0000, 224.0000, -47.0000,  0, 0, 0
L -11.0000, 224.0000, -47.0000,  -5.0000, 235.0000, -49.0000,  0, 0, 0
L -5.0000, 235.0000, -49.0000,  -3.0000, 238.0000, -49.0000,  0, 0, 0
L -3.0000, 238.0000, -49.0000,  0.0000, 245.0000, -52.0000,  0, 0, 0
L 0.0000, 245.0000, -52.0000,  12.0000, 247.0000, -52.0000,  0, 0, 0
L 12.0000, 247.0000, -52.0000,  21.0000, 249.0000, -49.0000,  0, 0, 0
L 21.0000, 249.0000, -49.0000,  26.0000, 252.0000, -49.0000,  0, 0, 0
L 26.0000, 252.0000, -49.0000,  30.0000, 256.0000, -48.0000,  0, 0, 0
L 30.0000, 256.0000, -48.0000,  37.0000, 271.0000, -53.0000,  0, 0, 0
L 37.0000, 271.0000, -53.0000,  43.0000, 273.0000, -61.0000,  0, 0, 0
L 43.0000, 273.0000, -61.0000,  57.0000, 270.0000, -57.0000,  0, 0, 0
L 57.0000, 270.0000, -57.0000,  69.0000, 269.0000, -66.0000,  0, 0, 0
L 69.0000, 269.0000, -66.0000,  76.0000, 266.0000, -64.0000,  0, 0, 0
L 76.0000, 266.0000, -64.0000,  78.0000, 265.0000, -64.0000,  0, 0, 0
L 78.0000, 265.0000, -64.0000,  81.0000, 260.0000, -64.0000,  0, 0, 0
L 81.0000, 260.0000, -64.0000,  90.0000, 243.0000, -68.0000,  0, 0, 0
L 90.0000, 243.0000, -68.0000,  94.0000, 232.0000, -67.0000,  0, 0, 0
L 94.0000, 232.0000, -67.0000,  97.0000, 217.0000, -64.0000,  0, 0, 0
L 97.0000, 217.0000, -64.0000,  103.0000, 206.0000, -67.0000,  0, 0, 0
L 103.0000, 206.0000, -67.0000,  104.0000, 201.0000, -68.0000,  0, 0, 0
L 104.0000, 201.0000, -68.0000,  106.0000, 194.0000, -67.0000,  0, 0, 0
L 106.0000, 194.0000, -67.0000,  109.0000, 189.0000, -68.0000,  0, 0, 0
L 109.0000, 189.0000, -68.0000,  118.0000, 186.0000, -68.0000,  0, 0, 0
L 118.0000, 186.0000, -68.0000,  157.0000, 192.0000, -68.0000,  0, 0, 0
L 157.0000, 192.0000, -68.0000,  179.0000, 190.0000, -65.0000,  0, 0, 0
L 179.0000, 190.0000, -65.0000,  188.0000, 189.0000, -65.0000,  0, 0, 0
L 188.0000, 189.0000, -65.0000,  234.0000, 185.0000, -62.0000,  0, 0, 0
L 234.0000, 185.0000, -62.0000,  239.0000, 185.0000, -62.0000,  0, 0, 0
L 239.0000, 185.0000, -62.0000,  248.0000, 188.0000, -63.0000,  0, 0, 0
L 248.0000, 188.0000, -63.0000,  260.0000, 190.0000, -62.0000,  0, 0, 0
L 260.0000, 190.0000, -62.0000,  275.0000, 196.0000, -61.0000,  0, 0, 0
L 275.0000, 196.0000, -61.0000,  288.0000, 194.0000, -66.0000,  0, 0, 0
L 288.0000, 194.0000, -66.0000,  303.0000, 188.0000, -61.0000,  0, 0, 0
L 303.0000, 188.0000, -61.0000,  325.0000, 189.0000, -63.0000,  0, 0, 0
L 325.0000, 189.0000, -63.0000,  345.0000, 189.0000, -63.0000,  0, 0, 0
L 345.0000, 189.0000, -63.0000,  351.0000, 190.0000, -63.0000,  0, 0, 0
L 351.0000, 190.0000, -63.0000,  354.0000, 191.0000, -61.0000,  0, 0, 0
L 354.0000, 191.0000, -61.0000,  357.0000, 193.0000, -60.0000,  0, 0, 0
L 357.0000, 193.0000, -60.0000,  359.0000, 196.0000, -60.0000,  0, 0, 0
L 359.0000, 196.0000, -60.0000,  359.0000, 216.0000, -62.0000,  0, 0, 0
L 359.0000, 216.0000, -62.0000,  360.0000, 220.0000, -62.0000,  0, 0, 0
L 360.0000, 220.0000, -62.0000,  362.0000, 223.0000, -59.0000,  0, 0, 0
L 362.0000, 223.0000, -59.0000,  371.0000, 234.0000, -72.0000,  0, 0, 0
L 371.0000, 234.0000, -72.0000,  389.0000, 229.0000, -64.0000,  0, 0, 0
L 389.0000, 229.0000, -64.0000,  394.0000, 230.0000, -63.0000,  0, 0, 0
L 394.0000, 230.0000, -63.0000,  400.0000, 241.0000, -68.0000,  0, 0, 0
L 400.0000, 241.0000, -68.0000,  402.0000, 250.0000, -68.0000,  0, 0, 0
L 402.0000, 250.0000, -68.0000,  404.0000, 254.0000, -66.0000,  0, 0, 0
L 404.0000, 254.0000, -66.0000,  405.0000, 259.0000, -67.0000,  0, 0, 0
L 405.0000, 259.0000, -67.0000,  405.0000, 262.0000, -66.0000,  0, 0, 0
L 405.0000, 262.0000, -66.0000,  406.0000, 268.0000, -68.0000,  0, 0, 0
L 406.0000, 268.0000, -68.0000,  407.0000, 274.0000, -64.0000,  0, 0, 0
L 407.0000, 274.0000, -64.0000,  407.0000, 280.0000, -62.0000,  0, 0, 0
L 407.0000, 280.0000, -62.0000,  408.0000, 305.0000, -62.0000,  0, 0, 0
L 408.0000, 305.0000, -62.0000,  410.0000, 315.0000, -66.0000,  0, 0, 0
L 410.0000, 315.0000, -66.0000,  412.0000, 325.0000, -65.0000,  0, 0, 0
L 412.0000, 325.0000, -65.0000,  414.0000, 335.0000, -62.0000,  0, 0, 0
L 414.0000, 335.0000, -62.0000,  414.0000, 347.0000, -62.0000,  0, 0, 0
L 414.0000, 347.0000, -62.0000,  412.0000, 353.0000, -62.0000,  0, 0, 0
L 412.0000, 353.0000, -62.0000,  411.0000, 358.0000, -62.0000,  0, 0, 0
L 411.0000, 358.0000, -62.0000,  408.0000, 369.0000, -62.0000,  0, 0, 0
L 408.0000, 369.0000, -62.0000,  407.0000, 375.0000, -63.0000,  0, 0, 0
L 407.0000, 375.0000, -63.0000,  406.0000, 382.0000, -63.0000,  0, 0, 0
L 406.0000, 382.0000, -63.0000,  405.0000, 390.0000, -63.0000,  0, 0, 0
L 405.0000, 390.0000, -63.0000,  405.0000, 395.0000, -62.0000,  0, 0, 0
L 405.0000, 395.0000, -62.0000,  404.0000, 399.0000, -62.0000,  0, 0, 0
L 404.0000, 399.0000, -62.0000,  403.0000, 406.0000, -62.0000,  0, 0, 0
L 403.0000, 406.0000, -62.0000,  402.0000, 411.0000, -61.0000,  0, 0, 0
L 402.0000, 411.0000, -61.0000,  401.0000, 421.0000, -60.0000,  0, 0, 0
L 401.0000, 421.0000, -60.0000,  398.0000, 425.0000, -56.0000,  0, 0, 0
L 398.0000, 425.0000, -56.0000,  395.0000, 427.0000, -53.0000,  0, 0, 0
L 395.0000, 427.0000, -53.0000,  388.0000, 428.0000, -54.0000,  0, 0, 0
L 388.0000, 428.0000, -54.0000,  385.0000, 426.0000, -54.0000,  0, 0, 0
L 385.0000, 426.0000, -54.0000,  372.0000, 422.0000, -70.0000,  0, 0, 0
L 372.0000, 422.0000, -70.0000,  359.0000, 429.0000, -68.0000,  0, 0, 0
L 359.0000, 429.0000, -68.0000,  351.0000, 437.0000, -63.0000,  0, 0, 0
L 351.0000, 437.0000, -63.0000,  343.0000, 447.0000, -62.0000,  0, 0, 0
L 343.0000, 447.0000, -62.0000,  341.0000, 450.0000, -62.0000,  0, 0, 0
L 341.0000, 450.0000, -62.0000,  338.0000, 451.0000, -63.0000,  0, 0, 0
L 338.0000, 451.0000, -63.0000,  328.0000, 458.0000, -68.0000,  0, 0, 0
L 328.0000, 458.0000, -68.0000,  319.0000, 466.0000, -64.0000,  0, 0, 0
L 319.0000, 466.0000, -64.0000,  319.0000, 468.0000, -61.0000,  0, 0, 0
L 319.0000, 468.0000, -61.0000,  320.0000, 477.0000, -59.0000,  0, 0, 0
L 320.0000, 477.0000, -59.0000,  320.0000, 482.0000, -60.0000,  0, 0, 0
L 320.0000, 482.0000, -60.0000,  321.0000, 484.0000, -63.0000,  0, 0, 0
L 321.0000, 484.0000, -63.0000,  322.0000, 489.0000, -63.0000,  0, 0, 0
L 322.0000, 489.0000, -63.0000,  322.0000, 493.0000, -65.0000,  0, 0, 0
L 322.0000, 493.0000, -65.0000,  323.0000, 496.0000, -66.0000,  0, 0, 0
L 323.0000, 496.0000, -66.0000,  324.0000, 501.0000, -66.0000,  0, 0, 0
L 324.0000, 501.0000, -66.0000,  325.0000, 508.0000, -64.0000,  0, 0, 0
L 325.0000, 508.0000, -64.0000,  325.0000, 513.0000, -63.0000,  0, 0, 0
L 325.0000, 513.0000, -63.0000,  326.0000, 518.0000, -62.0000,  0, 0, 0
L 326.0000, 518.0000, -62.0000,  326.0000, 525.0000, -62.0000,  0, 0, 0
L 326.0000, 525.0000, -62.0000,  325.0000, 532.0000, -62.0000,  0, 0, 0
L 325.0000, 532.0000, -62.0000,  324.0000, 536.0000, -62.0000,  0, 0, 0
L 324.0000, 536.0000, -62.0000,  323.0000, 543.0000, -62.0000,  0, 0, 0
L 323.0000, 543.0000, -62.0000,  324.0000, 568.0000, -66.0000,  0, 0, 0
L 324.0000, 568.0000, -66.0000,  325.0000, 574.0000, -66.0000,  0, 0, 0
L 325.0000, 574.0000, -66.0000,  325.0000, 579.0000, -66.0000,  0, 0, 0
L 325.0000, 579.0000, -66.0000,  326.0000, 584.0000, -66.0000,  0, 0, 0
L 326.0000, 584.0000, -66.0000,  327.0000, 588.0000, -65.0000,  0, 0, 0
L 327.0000, 588.0000, -65.0000,  328.0000, 594.0000, -64.0000,  0, 0, 0
L 328.0000, 594.0000, -64.0000,  328.0000, 600.0000, -63.0000,  0, 0, 0
L 328.0000, 600.0000, -63.0000,  329.0000, 605.0000, -62.0000,  0, 0, 0
L 329.0000, 605.0000, -62.0000,  330.0000, 610.0000, -61.0000,  0, 0, 0
L 330.0000, 610.0000, -61.0000,  331.0000, 615.0000, -58.0000,  0, 0, 0
L 331.0000, 615.0000, -58.0000,  330.0000, 622.0000, -53.0000,  0, 0, 0
L 330.0000, 622.0000, -53.0000,  329.0000, 628.0000, -50.0000,  0, 0, 0
L 329.0000, 628.0000, -50.0000,  328.0000, 636.0000, -50.0000,  0, 0, 0
L 328.0000, 636.0000, -50.0000,  328.0000, 642.0000, -52.0000,  0, 0, 0
L 328.0000, 642.0000, -52.0000,  327.0000, 647.0000, -54.0000,  0, 0, 0
L 327.0000, 647.0000, -54.0000,  327.0000, 677.0000, -50.0000,  0, 0, 0
L 327.0000, 677.0000, -50.0000,  325.0000, 684.0000, -50.0000,  0, 0, 0
L 325.0000, 684.0000, -50.0000,  322.0000, 694.0000, -51.0000,  0, 0, 0
L 322.0000, 694.0000, -51.0000,  317.0000, 710.0000, -52.0000,  0, 0, 0
L 317.0000, 710.0000, -52.0000,  316.0000, 720.0000, -57.0000,  0, 0, 0
L 316.0000, 720.0000, -57.0000,  316.0000, 726.0000, -63.0000,  0, 0, 0
L 316.0000, 726.0000, -63.0000,  317.0000, 731.0000, -63.0000,  0, 0, 0
L 317.0000, 731.0000, -63.0000,  318.0000, 736.0000, -62.0000,  0, 0, 0
L 318.0000, 736.0000, -62.0000,  321.0000, 745.0000, -59.0000,  0, 0, 0
L 321.0000, 745.0000, -59.0000,  322.0000, 751.0000, -58.0000,  0, 0, 0
L 322.0000, 751.0000, -58.0000,  323.0000, 772.0000, -48.0000,  0, 0, 0
L 323.0000, 772.0000, -48.0000,  322.0000, 777.0000, -46.0000,  0, 0, 0
L 322.0000, 777.0000, -46.0000,  321.0000, 784.0000, -41.0000,  0, 0, 0
L 321.0000, 784.0000, -41.0000,  316.0000, 790.0000, -41.0000,  0, 0, 0
L 316.0000, 790.0000, -41.0000,  309.0000, 801.0000, -41.0000,  0, 0, 0
L 309.0000, 801.0000, -41.0000,  293.0000, 826.0000, -59.0000,  0, 0, 0
L 266.0000, 591.0000, -47.0000,  267.0000, 601.0000, -47.0000,  0, 0, 0
L 267.0000, 601.0000, -47.0000,  268.0000, 607.0000, -47.0000,  0, 0, 0
L 268.0000, 607.0000, -47.0000,  268.0000, 615.0000, -47.0000,  0, 0, 0
L 268.0000, 615.0000, -47.0000,  269.0000, 619.0000, -48.0000,  0, 0, 0
L 269.0000, 619.0000, -48.0000,  270.0000, 627.0000, -48.0000,  0, 0, 0
L 270.0000, 627.0000, -48.0000,  269.0000, 637.0000, -51.0000,  0, 0, 0
L 269.0000, 637.0000, -51.0000,  268.0000, 643.0000, -57.0000,  0, 0, 0
L 268.0000, 643.0000, -57.0000,  256.0000, 669.0000, -54.0000,  0, 0, 0
L 256.0000, 669.0000, -54.0000,  254.0000, 690.0000, -56.0000,  0, 0, 0
L 254.0000, 690.0000, -56.0000,  256.0000, 707.0000, -51.0000,  0, 0, 0
L 256.0000, 707.0000, -51.0000,  256.0000, 709.0000, -51.0000,  0, 0, 0
L 256.0000, 709.0000, -51.0000,  258.0000, 719.0000, -55.0000,  0, 0, 0
L 258.0000, 719.0000, -55.0000,  256.0000, 729.0000, -60.0000,  0, 0, 0
L 256.0000, 729.0000, -60.0000,  255.0000, 733.0000, -59.0000,  0, 0, 0
L 255.0000, 733.0000, -59.0000,  253.0000, 743.0000, -57.0000,  0, 0, 0
L 253.0000, 743.0000, -57.0000,  252.0000, 759.0000, -55.0000,  0, 0, 0
L 252.0000, 759.0000, -55.0000,  252.0000, 769.0000, -52.0000,  0, 0, 0
L 252.0000, 769.0000, -52.0000,  252.0000, 778.0000, -52.0000,  0, 0, 0
L 252.0000, 778.0000, -52.0000,  253.0000, 783.0000, -59.1000,  0, 0, 0
L 266.0000, 580.0000, -47.0000,  266.0000, 591.0000, -47.0000,  0, 0, 0
L 266.0000, 580.0000, -47.0000,  267.0000, 568.0000, -47.0000,  0, 0, 0
L 267.0000, 568.0000, -47.0000,  268.0000, 561.0000, -48.0000,  0, 0, 0
L 268.0000, 561.0000, -48.0000,  268.0000, 554.0000, -46.0000,  0, 0, 0
L 268.0000, 554.0000, -46.0000,  269.0000, 543.0000, -46.0000,  0, 0, 0
L 269.0000, 543.0000, -46.0000,  269.0000, 535.0000, -52.0000,  0, 0, 0
L 269.0000, 535.0000, -52.0000,  269.0000, 533.0000, -55.0000,  0, 0, 0
L 269.0000, 533.0000, -55.0000,  269.0000, 526.0000, -63.0000,  0, 0, 0
L 269.0000, 526.0000, -63.0000,  268.0000, 520.0000, -63.0000,  0, 0, 0
L 268.0000, 520.0000, -63.0000,  267.0000, 517.0000, -64.0000,  0, 0, 0
L 267.0000, 517.0000, -64.0000,  266.0000, 510.0000, -64.0000,  0, 0, 0
L 266.0000, 510.0000, -64.0000,  267.0000, 500.0000, -65.0000,  0, 0, 0
L 267.0000, 500.0000, -65.0000,  268.0000, 493.0000, -67.0000,  0, 0, 0
L 268.0000, 493.0000, -67.0000,  270.0000, 484.0000, -65.0000,  0, 0, 0
L 270.0000, 484.0000, -65.0000,  270.0000, 469.0000, -61.0000,  0, 0, 0
L 270.0000, 469.0000, -61.0000,  258.0000, 467.0000, -54.0000,  0, 0, 0
L 258.0000, 467.0000, -54.0000,  251.0000, 464.0000, -54.0000,  0, 0, 0
L 251.0000, 464.0000, -54.0000,  239.0000, 463.0000, -54.0000,  0, 0, 0
L 239.0000, 463.0000, -54.0000,  238.0000, 458.0000, -61.0000,  0, 0, 0
L 238.0000, 458.0000, -61.0000,  227.0000, 458.0000, -59.0000,  0, 0, 0
L 227.0000, 458.0000, -59.0000,  215.0000, 461.0000, -65.0000,  0, 0, 0
L 215.0000, 461.0000, -65.0000,  198.0000, 470.0000, -61.0000,  0, 0, 0
L 198.0000, 470.0000, -61.0000,  189.0000, 470.0000, -62.0000,  0, 0, 0
L 189.0000, 470.0000, -62.0000,  170.0000, 468.0000, -63.0000,  0, 0, 0
L 170.0000, 468.0000, -63.0000,  132.0000, 467.0000, -60.0000,  0, 0, 0
L 132.0000, 467.0000, -60.0000,  127.0000, 466.0000, -60.0000,  0, 0, 0
L 127.0000, 466.0000, -60.0000,  112.0000, 461.0000, -61.0000,  0, 0, 0
L 112.0000, 461.0000, -61.0000,  102.0000, 458.0000, -65.0000,  0, 0, 0
L 102.0000, 458.0000, -65.0000,  98.0000, 455.0000, -63.0000,  0, 0, 0
L 98.0000, 455.0000, -63.0000,  96.0000, 452.0000, -62.0000,  0, 0, 0
L 96.0000, 452.0000, -62.0000,  91.0000, 444.0000, -56.0000,  0, 0, 0
L 91.0000, 444.0000, -56.0000,  87.0000, 435.0000, -54.0000,  0, 0, 0
L 87.0000, 435.0000, -54.0000,  88.0000, 428.0000, -55.0000,  0, 0, 0
L 88.0000, 428.0000, -55.0000,  89.0000, 416.0000, -53.0000,  0, 0, 0
L 89.0000, 416.0000, -53.0000,  93.0000, 409.0000, -62.0000,  0, 0, 0
L 93.0000, 409.0000, -62.0000,  94.0000, 399.0000, -59.0000,  0, 0, 0
L 94.0000, 399.0000, -59.0000,  95.0000, 391.0000, -57.0000,  0, 0, 0
L 95.0000, 391.0000, -57.0000,  95.0000, 384.0000, -55.0000,  0, 0, 0
L 95.0000, 384.0000, -55.0000,  96.0000, 378.0000, -54.0000,  0, 0, 0
L 96.0000, 378.0000, -54.0000,  97.0000, 373.0000, -56.0000,  0, 0, 0
L 97.0000, 373.0000, -56.0000,  97.0000, 368.0000, -59.0000,  0, 0, 0
L 97.0000, 368.0000, -59.0000,  98.0000, 365.0000, -63.0000,  0, 0, 0
L 98.0000, 365.0000, -63.0000,  98.0000, 363.0000, -66.0000,  0, 0, 0
L 98.0000, 363.0000, -66.0000,  96.0000, 360.0000, -71.0000,  0, 0, 0
L 96.0000, 360.0000, -71.0000,  87.0000, 353.0000, -72.0000,  0, 0, 0
L 87.0000, 353.0000, -72.0000,  85.0000, 350.0000, -72.0000,  0, 0, 0
L 85.0000, 350.0000, -72.0000,  76.0000, 340.0000, -71.0000,  0, 0, 0
L 76.0000, 340.0000, -71.0000,  71.0000, 338.0000, -71.0000,  0, 0, 0
L 71.0000, 338.0000, -71.0000,  43.0000, 348.0000, -59.0000,  0, 0, 0
L 43.0000, 348.0000, -59.0000,  40.0000, 349.0000, -58.0000,  0, 0, 0
L 40.0000, 349.0000, -58.0000,  39.0000, 350.0000, -55.0000,  0, 0, 0
L 39.0000, 350.0000, -55.0000,  32.0000, 358.0000, -57.0000,  0, 0, 0
L 32.0000, 358.0000, -57.0000,  29.0000, 359.0000, -57.0000,  0, 0, 0
L 29.0000, 359.0000, -57.0000,  27.0000, 362.0000, -57.0000,  0, 0, 0
L 27.0000, 362.0000, -57.0000,  21.0000, 370.0000, -53.0000,  0, 0, 0
L 21.0000, 370.0000, -53.0000,  17.0000, 374.0000, -48.0000,  0, 0, 0
L 17.0000, 374.0000, -48.0000,  9.0000, 381.0000, -42.0000,  0, 0, 0
L 9.0000, 381.0000, -42.0000,  0.0000, 387.0000, -35.0000,  0, 0, 0
L 0.0000, 387.0000, -35.0000,  -16.0000, 395.0000, -55.0000,  0, 0, 0
L -16.0000, 395.0000, -55.0000,  -24.0000, 399.0000, -55.0000,  0, 0, 0
L -24.0000, 399.0000, -55.0000,  -43.0000, 408.0000, -49.0000,  0, 0, 0
L -43.0000, 408.0000, -49.0000,  -66.0000, 414.0000, -55.0000,  0, 0, 0
L -66.0000, 414.0000, -55.0000,  -76.0000, 417.0000, -55.0000,  0, 0, 0
L -76.0000, 417.0000, -55.0000,  -83.0000, 416.0000, -52.0000,  0, 0, 0
L -83.0000, 416.0000, -52.0000,  -88.0000, 414.0000, -53.0000,  0, 0, 0
L -88.0000, 414.0000, -53.0000,  -96.0000, 409.0000, -53.0000,  0, 0, 0
L -96.0000, 409.0000, -53.0000,  -105.0000, 404.0000, -50.0000,  0, 0, 0
L -105.0000, 404.0000, -50.0000,  -109.0000, 401.0000, -49.0000,  0, 0, 0
L -109.0000, 401.0000, -49.0000,  -117.0000, 392.0000, -54.0000,  0, 0, 0
L -117.0000, 392.0000, -54.0000,  -124.0000, 387.0000, -49.0000,  0, 0, 0
L -124.0000, 387.0000, -49.0000,  -134.0000, 383.0000, -48.0000,  0, 0, 0
L -134.0000, 383.0000, -48.0000,  -145.0000, 380.0000, -42.0000,  0, 0, 0
L -145.0000, 380.0000, -42.0000,  -150.0000, 377.0000, -42.0000,  0, 0, 0
L -150.0000, 377.0000, -42.0000,  -159.0000, 372.0000, -44.0000,  0, 0, 0
L -159.0000, 372.0000, -44.0000,  -163.0000, 369.0000, -42.0000,  0, 0, 0
L -163.0000, 369.0000, -42.0000,  -166.0000, 366.0000, -37.0000,  0, 0, 0
L -166.0000, 366.0000, -37.0000,  -168.0000, 360.0000, -40.0000,  0, 0, 0
L -168.0000, 360.0000, -40.0000,  -168.0000, 358.0000, -49.0000,  0, 0, 0
L -168.0000, 358.0000, -49.0000,  -171.0000, 356.0000, -44.0000,  0, 0, 0
L -171.0000, 356.0000, -44.0000,  -176.0000, 353.0000, -41.0000,  0, 0, 0
L -176.0000, 353.0000, -41.0000,  -188.0000, 347.0000, -49.0000,  0, 0, 0
L -188.0000, 347.0000, -49.0000,  -199.0000, 342.0000, -47.0000,  0, 0, 0
L -199.0000, 342.0000, -47.0000,  -208.0000, 339.0000, -40.0000,  0, 0, 0
L -208.0000, 339.0000, -40.0000,  -218.0000, 340.0000, -44.0000,  0, 0, 0
L -218.0000, 340.0000, -44.0000,  -224.0000, 341.0000, -42.0000,  0, 0, 0
L -224.0000, 341.0000, -42.0000,  -231.0000, 341.0000, -45.0000,  0, 0, 0
L -231.0000, 341.0000, -45.0000,  -232.0000, 344.0000, -43.0000,  0, 0, 0
L -232.0000, 344.0000, -43.0000,  -243.0000, 370.0000, -29.0000,  0, 0, 0
L -243.0000, 370.0000, -29.0000,  -248.0000, 375.0000, -25.0000,  0, 0, 0
L -248.0000, 375.0000, -25.0000,  -253.0000, 376.0000, -21.0000,  0, 0, 0
L -253.0000, 376.0000, -21.0000,  -261.0000, 377.0000, -18.0000,  0, 0, 0
L -261.0000, 377.0000, -18.0000,  -272.0000, 376.0000, -16.0000,  0, 0, 0
L -272.0000, 376.0000, -16.0000,  -282.0000, 377.0000, -16.0000,  0, 0, 0
L -282.0000, 377.0000, -16.0000,  -283.0000, 382.0000, -14.0000,  0, 0, 0
L -283.0000, 382.0000, -14.0000,  -282.0000, 391.0000, -14.0000,  0, 0, 0
L -282.0000, 391.0000, -14.0000,  -274.0000, 408.0000, -14.0000,  0, 0, 0
L -274.0000, 408.0000, -14.0000,  -274.0000, 410.0000, -14.0000,  0, 0, 0
L -274.0000, 410.0000, -14.0000,  -274.0000, 416.0000, -14.0000,  0, 0, 0
L -274.0000, 416.0000, -14.0000,  -279.0000, 431.0000, -14.0000,  0, 0, 0
L -279.0000, 431.0000, -14.0000,  -282.0000, 438.0000, -14.0000,  0, 0, 0
L -282.0000, 438.0000, -14.0000,  -287.0000, 441.0000, -14.0000,  0, 0, 0
L -287.0000, 441.0000, -14.0000,  -300.0000, 451.0000, -7.0000,  0, 0, 0
L -300.0000, 451.0000, -7.0000,  -303.0000, 453.0000, -8.0000,  0, 0, 0
L -303.0000, 453.0000, -8.0000,  -311.0000, 456.0000, -12.0000,  0, 0, 0
L -311.0000, 456.0000, -12.0000,  -322.0000, 459.0000, -15.0000,  0, 0, 0
L -322.0000, 459.0000, -15.0000,  -333.0000, 462.0000, -15.0000,  0, 0, 0
L -333.0000, 462.0000, -15.0000,  -343.0000, 463.0000, -13.0000,  0, 0, 0
L -343.0000, 463.0000, -13.0000,  -353.0000, 464.0000, -10.0000,  0, 0, 0
L -353.0000, 464.0000, -10.0000,  -365.0000, 463.0000, -11.0000,  0, 0, 0
L -365.0000, 463.0000, -11.0000,  -374.0000, 463.0000, -17.0000,  0, 0, 0
L -374.0000, 463.0000, -17.0000,  -419.0000, 462.0000, -18.0000,  0, 0, 0
L -419.0000, 462.0000, -18.0000,  -424.0000, 461.0000, -18.0000,  0, 0, 0
L -424.0000, 461.0000, -18.0000,  -452.0000, 453.0000, -17.0000,  0, 0, 0
L -452.0000, 453.0000, -17.0000,  -455.0000, 451.0000, -17.0000,  0, 0, 0
L -455.0000, 451.0000, -17.0000,  -460.0000, 448.0000, -17.0000,  0, 0, 0
L -460.0000, 448.0000, -17.0000,  -480.0000, 437.0000, -8.0000,  0, 0, 0
L -480.0000, 437.0000, -8.0000,  -483.0000, 434.0000, -6.0000,  0, 0, 0
L -483.0000, 434.0000, -6.0000,  -487.0000, 425.0000, -4.0000,  0, 0, 0
L -487.0000, 425.0000, -4.0000,  -486.0000, 417.0000, -2.0000,  0, 0, 0
L -486.0000, 417.0000, -2.0000,  -486.0000, 403.0000, -6.0000,  0, 0, 0
L -486.0000, 403.0000, -6.0000,  -484.0000, 399.0000, 0.0000,  0, 0, 0
L -484.0000, 399.0000, 0.0000,  -482.0000, 392.0000, 3.0000,  0, 0, 0
L -482.0000, 392.0000, 3.0000,  -482.0000, 390.0000, 3.0000,  0, 0, 0
L -482.0000, 390.0000, 3.0000,  -480.0000, 384.0000, -3.0000,  0, 0, 0
L -480.0000, 384.0000, -3.0000,  -480.0000, 382.0000, -6.0000,  0, 0, 0
L -480.0000, 382.0000, -6.0000,  -481.0000, 378.0000, -15.0000,  0, 0, 0
L -481.0000, 378.0000, -15.0000,  -528.0000, 367.0000, -4.0000,  0, 0, 0
L -528.0000, 367.0000, -4.0000,  -528.0000, 365.0000, -4.0000,  0, 0, 0
L -528.0000, 365.0000, -4.0000,  -532.0000, 352.0000, -6.0000,  0, 0, 0
L -532.0000, 352.0000, -6.0000,  -540.0000, 325.0000, -7.0000,  0, 0, 0
L -540.0000, 325.0000, -7.0000,  -540.0000, 312.0000, -9.0000,  0, 0, 0
L -540.0000, 312.0000, -9.0000,  -539.0000, 306.0000, -10.0000,  0, 0, 0
L -539.0000, 306.0000, -10.0000,  -539.0000, 301.0000, -12.0000,  0, 0, 0
L -539.0000, 301.0000, -12.0000,  -538.0000, 293.0000, -9.0000,  0, 0, 0
L -538.0000, 293.0000, -9.0000,  -536.0000, 288.0000, -7.0000,  0, 0, 0
L -536.0000, 288.0000, -7.0000,  -534.0000, 279.0000, -5.0000,  0, 0, 0
L -534.0000, 279.0000, -5.0000,  -525.0000, 252.0000, -13.0000,  0, 0, 0
L -525.0000, 252.0000, -13.0000,  -527.0000, 247.0000, -13.0000,  0, 0, 0
L -527.0000, 247.0000, -13.0000,  -531.0000, 235.0000, -10.0000,  0, 0, 0
L -531.0000, 235.0000, -10.0000,  -531.0000, 233.0000, -10.0000,  0, 0, 0
L -531.0000, 233.0000, -10.0000,  -532.0000, 222.0000, -10.0000,  0, 0, 0
L -532.0000, 222.0000, -10.0000,  -533.0000, 213.0000, -9.0000,  0, 0, 0
L -533.0000, 213.0000, -9.0000,  -533.0000, 203.0000, -8.0000,  0, 0, 0
L -533.0000, 203.0000, -8.0000,  -534.0000, 193.0000, -7.0000,  0, 0, 0
L -534.0000, 193.0000, -7.0000,  -535.0000, 183.0000, -6.0000,  0, 0, 0
L -535.0000, 183.0000, -6.0000,  -535.0000, 174.0000, -2.0000,  0, 0, 0
L -535.0000, 174.0000, -2.0000,  -534.0000, 169.0000, 1.0000,  0, 0, 0
L -534.0000, 169.0000, 1.0000,  -528.0000, 158.0000, -5.0000,  0, 0, 0
L -528.0000, 158.0000, -5.0000,  -518.0000, 144.0000, -1.0000,  0, 0, 0
L -518.0000, 144.0000, -1.0000,  -515.0000, 142.0000, -1.0000,  0, 0, 0
L -515.0000, 142.0000, -1.0000,  -508.0000, 135.0000, -5.0000,  0, 0, 0
L -508.0000, 135.0000, -5.0000,  -499.0000, 128.0000, -6.0000,  0, 0, 0
L -499.0000, 128.0000, -6.0000,  -491.0000, 122.0000, -6.0000,  0, 0, 0
L -491.0000, 122.0000, -6.0000,  -488.0000, 120.0000, -7.0000,  0, 0, 0
L -488.0000, 120.0000, -7.0000,  -483.0000, 119.0000, -8.0000,  0, 0, 0
L -483.0000, 119.0000, -8.0000,  -472.0000, 115.0000, -8.0000,  0, 0, 0
L -472.0000, 115.0000, -8.0000,  -466.0000, 114.0000, -12.0000,  0, 0, 0
L -466.0000, 114.0000, -12.0000,  -465.0000, 113.0000, -9.0000,  0, 0, 0
L -465.0000, 113.0000, -9.0000,  -460.0000, 109.0000, -9.0000,  0, 0, 0
L -460.0000, 109.0000, -9.0000,  -454.0000, 99.0000, -7.0000,  0, 0, 0
L -454.0000, 99.0000, -7.0000,  -450.0000, 92.0000, -7.0000,  0, 0, 0
L -450.0000, 92.0000, -7.0000,  -442.0000, 84.0000, -1.0000,  0, 0, 0
L -442.0000, 84.0000, -1.0000,  -436.0000, 71.0000, -14.0000,  0, 0, 0
L -436.0000, 71.0000, -14.0000,  -449.0000, 72.0000, -14.0000,  0, 0, 0
L -449.0000, 72.0000, -14.0000,  -453.0000, 73.0000, -14.0000,  0, 0, 0
L -453.0000, 73.0000, -14.0000,  -455.0000, 76.0000, -14.0000,  0, 0, 0
L -455.0000, 76.0000, -14.0000,  -457.0000, 79.0000, -14.0000,  0, 0, 0
L -457.0000, 79.0000, -14.0000,  -459.0000, 84.0000, -12.0000,  0, 0, 0
L -459.0000, 84.0000, -12.0000,  -475.0000, 83.0000, -13.0000,  0, 0, 0
L 113.0000, -32.0000, 24.0000,  114.0000, -27.0000, 21.0000,  0, 0, 0
L -443.8445, -171.0000, -6.0000,  -417.0000, -171.0000, -14.0000,  0, 0, 0
L -417.0000, -171.0000, -14.0000,  -408.0000, -168.0000, -13.0000,  0, 0, 0
L -408.0000, -168.0000, -13.0000,  -405.0000, -166.0000, -12.0000,  0, 0, 0
L -405.0000, -166.0000, -12.0000,  -402.0000, -161.0000, -12.0000,  0, 0, 0
L -402.0000, -161.0000, -12.0000,  -399.0000, -152.0000, -6.0000,  0, 0, 0
L -399.0000, -152.0000, -6.0000,  -399.0000, -132.0000, -6.0000,  0, 0, 0
L -399.0000, -132.0000, -6.0000,  -398.0000, -126.0000, -5.0000,  0, 0, 0
L -398.0000, -126.0000, -5.0000,  -398.0000, -121.0000, -3.0000,  0, 0, 0
L -398.0000, -121.0000, -3.0000,  -397.0000, -115.0000, 0.0000,  0, 0, 0
L -397.0000, -115.0000, 0.0000,  -398.0000, -109.0000, 2.0000,  0, 0, 0
L -398.0000, -109.0000, 2.0000,  -398.0000, -107.0000, 1.0000,  0, 0, 0
L -398.0000, -107.0000, 1.0000,  -399.0000, -102.0000, -2.0000,  0, 0, 0
L -399.0000, -102.0000, -2.0000,  -399.0000, -100.0000, -5.0000,  0, 0, 0
L -399.0000, -100.0000, -5.0000,  -399.0000, -90.0000, -7.0000,  0, 0, 0
L -399.0000, -90.0000, -7.0000,  -398.0000, -79.0000, -6.0000,  0, 0, 0
L -398.0000, -79.0000, -6.0000,  -397.0000, -69.0000, -6.0000,  0, 0, 0
L -397.0000, -69.0000, -6.0000,  -397.0000, -60.0000, -6.0000,  0, 0, 0
L -397.0000, -60.0000, -6.0000,  -396.0000, -50.0000, -5.0000,  0, 0, 0
L -396.0000, -50.0000, -5.0000,  -396.0000, -34.0000, -3.0000,  0, 0, 0
L -396.0000, -34.0000, -3.0000,  -396.0000, -20.0000, 0.0000,  0, 0, 0
L -396.0000, -20.0000, 0.0000,  -397.0000, -12.0000, 0.0000,  0, 0, 0
L -397.0000, -12.0000, 0.0000,  -397.0000, -2.0000, -2.0000,  0, 0, 0
L -397.0000, -2.0000, -2.0000,  -398.0000, 5.0000, -4.0000,  0, 0, 0
L -398.0000, 5.0000, -4.0000,  -399.0000, 12.0000, -6.0000,  0, 0, 0
L -399.0000, 12.0000, -6.0000,  -399.0000, 22.0000, -6.0000,  0, 0, 0
L -399.0000, 22.0000, -6.0000,  -400.0000, 30.0000, -6.0000,  0, 0, 0
L -400.0000, 30.0000, -6.0000,  -401.0000, 39.0000, -5.0000,  0, 0, 0
L -401.0000, 39.0000, -5.0000,  -398.0000, 41.0000, -2.0000,  0, 0, 0
L -398.0000, 41.0000, -2.0000,  -392.0000, 45.0000, -2.0000,  0, 0, 0
L -392.0000, 45.0000, -2.0000,  -384.0000, 53.0000, -15.0000,  0, 0, 0
L -384.0000, 53.0000, -15.0000,  -375.0000, 40.0000, -15.0000,  0, 0, 0
L -375.0000, 40.0000, -15.0000,  -371.0000, 32.0000, -14.0000,  0, 0, 0
L -371.0000, 32.0000, -14.0000,  -369.0000, 22.0000, -15.0000,  0, 0, 0
L -369.0000, 22.0000, -15.0000,  -368.0000, 10.0000, -17.0000,  0, 0, 0
L -368.0000, 10.0000, -17.0000,  -368.0000, 1.0000, -18.0000,  0, 0, 0
L -368.0000, 1.0000, -18.0000,  -367.0000, -5.0000, -17.0000,  0, 0, 0
L -367.0000, -5.0000, -17.0000,  -366.0000, -11.0000, -19.0000,  0, 0, 0
L -366.0000, -11.0000, -19.0000,  -365.0000, -16.0000, -24.0000,  0, 0, 0
L -365.0000, -16.0000, -24.0000,  -366.0000, -22.0000, -31.0000,  0, 0, 0
L -366.0000, -22.0000, -31.0000,  -369.0000, -30.0000, -33.0000,  0, 0, 0
L -369.0000, -30.0000, -33.0000,  -370.0000, -38.0000, -34.0000,  0, 0, 0
L -370.0000, -38.0000, -34.0000,  -372.0000, -45.0000, -32.0000,  0, 0, 0
L -372.0000, -45.0000, -32.0000,  -372.0000, -49.0000, -35.0000,  0, 0, 0
L -372.0000, -49.0000, -35.0000,  -374.0000, -56.0000, -37.0000,  0, 0, 0
L -374.0000, -56.0000, -37.0000,  -374.0000, -58.0000, -37.0000,  0, 0, 0
L -374.0000, -58.0000, -37.0000,  -374.0000, -69.0000, -36.0000,  0, 0, 0
L -374.0000, -69.0000, -36.0000,  -371.0000, -81.0000, -35.0000,  0, 0, 0
L -371.0000, -81.0000, -35.0000,  -369.0000, -88.0000, -34.0000,  0, 0, 0
L -369.0000, -88.0000, -34.0000,  -363.0000, -108.0000, -37.0000,  0, 0, 0
L -363.0000, -108.0000, -37.0000,  -360.0000, -113.0000, -38.0000,  0, 0, 0
L -360.0000, -113.0000, -38.0000,  -355.0000, -121.0000, -37.0000,  0, 0, 0
L -355.0000, -121.0000, -37.0000,  -349.0000, -130.0000, -33.0000,  0, 0, 0
L -349.0000, -130.0000, -33.0000,  -344.0000, -134.0000, -30.0000,  0, 0, 0
L -344.0000, -134.0000, -30.0000,  -339.0000, -136.0000, -30.0000,  0, 0, 0
L -339.0000, -136.0000, -30.0000,  -331.0000, -140.0000, -30.0000,  0, 0, 0
L -331.0000, -140.0000, -30.0000,  -327.0000, -143.0000, -28.0000,  0, 0, 0
L -327.0000, -143.0000, -28.0000,  -324.0000, -148.0000, -32.0000,  0, 0, 0
L -324.0000, -148.0000, -32.0000,  -324.0000, -171.0000, -26.0000,  0, 0, 0
L -324.0000, -171.0000, -26.0000,  -321.0000, -173.0000, -23.0000,  0, 0, 0
L -321.0000, -173.0000, -23.0000,  -312.0000, -178.0000, -28.0000,  0, 0, 0
L -312.0000, -178.0000, -28.0000,  -300.0000, -183.0000, -26.0000,  0, 0, 0
L -300.0000, -183.0000, -26.0000,  -296.0000, -183.0000, -24.0000,  0, 0, 0
L -296.0000, -183.0000, -24.0000,  -282.0000, -181.0000, -30.0000,  0, 0, 0
L -282.0000, -181.0000, -30.0000,  -272.0000, -179.0000, -33.0000,  0, 0, 0
L -272.0000, -179.0000, -33.0000,  -262.0000, -177.0000, -24.0000,  0, 0, 0
L -262.0000, -177.0000, -24.0000,  -254.0000, -171.0000, -22.0000,  0, 0, 0
L -254.0000, -171.0000, -22.0000,  -246.0000, -166.0000, -29.0000,  0, 0, 0
L -246.0000, -166.0000, -29.0000,  -218.0000, -155.0000, -28.0000,  0, 0, 0
L -218.0000, -155.0000, -28.0000,  -212.0000, -153.0000, -30.0000,  0, 0, 0
L -212.0000, -153.0000, -30.0000,  -208.0000, -149.0000, -32.0000,  0, 0, 0
L -208.0000, -149.0000, -32.0000,  -205.0000, -145.0000, -37.0000,  0, 0, 0
L -205.0000, -145.0000, -37.0000,  -200.0000, -136.0000, -33.0000,  0, 0, 0
L -200.0000, -136.0000, -33.0000,  -198.0000, -132.0000, -28.0000,  0, 0, 0
L -198.0000, -132.0000, -28.0000,  -197.0000, -130.0000, -25.0000,  0, 0, 0
L -197.0000, -130.0000, -25.0000,  -198.0000, -127.0000, -21.0000,  0, 0, 0
L -198.0000, -127.0000, -21.0000,  -200.0000, -120.0000, -29.0000,  0, 0, 0
L -200.0000, -120.0000, -29.0000,  -199.0000, -116.0000, -30.0000,  0, 0, 0
L -199.0000, -116.0000, -30.0000,  -199.0000, -114.0000, -27.0000,  0, 0, 0
L -199.0000, -114.0000, -27.0000,  -198.0000, -111.0000, -23.0000,  0, 0, 0
L -198.0000, -111.0000, -23.0000,  -200.0000, -103.0000, -22.0000,  0, 0, 0
L -200.0000, -103.0000, -22.0000,  -202.0000, -91.0000, -34.0000,  0, 0, 0
L -202.0000, -91.0000, -34.0000,  -197.0000, -81.0000, -32.0000,  0, 0, 0
L -197.0000, -81.0000, -32.0000,  -191.0000, -68.0000, -28.0000,  0, 0, 0
L -191.0000, -68.0000, -28.0000,  -191.0000, -58.0000, -27.0000,  0, 0, 0
L -191.0000, -58.0000, -27.0000,  -192.0000, -55.0000, -27.0000,  0, 0, 0
L -192.0000, -55.0000, -27.0000,  -195.0000, -46.0000, -28.0000,  0, 0, 0
L -195.0000, -46.0000, -28.0000,  -200.0000, -28.0000, -26.0000,  0, 0, 0
L -200.0000, -28.0000, -26.0000,  -201.0000, -19.0000, -27.0000,  0, 0, 0
L -201.0000, -19.0000, -27.0000,  -202.0000, -13.0000, -33.0000,  0, 0, 0
L -202.0000, -13.0000, -33.0000,  -201.0000, -9.0000, -38.0000,  0, 0, 0
L -201.0000, -9.0000, -38.0000,  -191.0000, 3.0000, -29.0000,  0, 0, 0
L -191.0000, 3.0000, -29.0000,  -189.0000, 8.0000, -27.0000,  0, 0, 0
L -189.0000, 8.0000, -27.0000,  -188.0000, 10.0000, -24.0000,  0, 0, 0
L -188.0000, 10.0000, -24.0000,  -189.0000, 19.0000, -18.0000,  0, 0, 0
L -189.0000, 19.0000, -18.0000,  -192.0000, 25.0000, -18.0000,  0, 0, 0
L -192.0000, 25.0000, -18.0000,  -199.0000, 40.0000, -24.0000,  0, 0, 0
L -199.0000, 40.0000, -24.0000,  -200.0000, 42.0000, -24.0000,  0, 0, 0
L -200.0000, 42.0000, -24.0000,  -199.0000, 52.0000, -18.0000,  0, 0, 0
L -199.0000, 52.0000, -18.0000,  -199.0000, 54.0000, -17.0000,  0, 0, 0
L -199.0000, 54.0000, -17.0000,  -198.0000, 61.0000, -13.0000,  0, 0, 0
L -198.0000, 61.0000, -13.0000,  -197.0000, 68.0000, -10.0000,  0, 0, 0
L -197.0000, 68.0000, -10.0000,  -196.0000, 71.0000, -9.0000,  0, 0, 0
L -196.0000, 71.0000, -9.0000,  -194.0000, 74.0000, -8.0000,  0, 0, 0
L -194.0000, 74.0000, -8.0000,  -191.0000, 77.0000, -4.0000,  0, 0, 0
L -191.0000, 77.0000, -4.0000,  -190.0000, 74.0000, -1.0000,  0, 0, 0
L -283.0000, 138.0000, -15.0000,  -269.0000, 122.0000, -13.0000,  0, 0, 0
L -269.0000, 122.0000, -13.0000,  -258.0000, 110.0000, -9.0000,  0, 0, 0
L -258.0000, 110.0000, -9.0000,  -264.0000, 97.0000, -16.0000,  0, 0, 0
L -264.0000, 97.0000, -16.0000,  -272.0000, 87.0000, -20.0000,  0, 0, 0
L -272.0000, 87.0000, -20.0000,  -277.0000, 80.0000, -20.0000,  0, 0, 0
L -277.0000, 80.0000, -20.0000,  -286.0000, 63.0000, -21.0000,  0, 0, 0
L -286.0000, 63.0000, -21.0000,  -290.0000, 59.0000, -20.0000,  0, 0, 0
L -290.0000, 59.0000, -20.0000,  -304.0000, 52.0000, -34.0000,  0, 0, 0
L -304.0000, 52.0000, -34.0000,  -327.0000, 72.0000, -23.0000,  0, 0, 0
L -327.0000, 72.0000, -23.0000,  -329.0000, 75.0000, -22.0000,  0, 0, 0
L -329.0000, 75.0000, -22.0000,  -330.0000, 78.0000, -20.0000,  0, 0, 0
L -330.0000, 78.0000, -20.0000,  -332.0000, 88.0000, -18.0000,  0, 0, 0
L -332.0000, 88.0000, -18.0000,  -335.0000, 92.0000, -18.0000,  0, 0, 0
L -335.0000, 92.0000, -18.0000,  -341.0000, 98.0000, -16.0000,  0, 0, 0
L -341.0000, 98.0000, -16.0000,  -394.0000, 129.0000, -4.0000,  0, 0, 0
L -394.0000, 129.0000, -4.0000,  -400.0000, 136.0000, 0.0000,  0, 0, 0
L -400.0000, 136.0000, 0.0000,  -410.0000, 143.0000, -8.0000,  0, 0, 0
L -410.0000, 143.0000, -8.0000,  -419.0000, 156.0000, -4.0000,  0, 0, 0
L -419.0000, 156.0000, -4.0000,  -423.0000, 163.0000, 0.0000,  0, 0, 0
L -423.0000, 163.0000, 0.0000,  -429.0000, 172.0000, -7.0000,  0, 0, 0
L -429.0000, 172.0000, -7.0000,  -429.0000, 187.0000, 0.0000,  0, 0, 0
L -429.0000, 187.0000, 0.0000,  -430.0000, 194.0000, 0.0000,  0, 0, 0
L -430.0000, 194.0000, 0.0000,  -430.0000, 204.0000, 0.0000,  0, 0, 0
L -430.0000, 204.0000, 0.0000,  -431.0000, 214.0000, 0.0000,  0, 0, 0
L -431.0000, 214.0000, 0.0000,  -432.0000, 221.0000, 0.0000,  0, 0, 0
L -432.0000, 221.0000, 0.0000,  -434.0000, 230.0000, 0.0000,  0, 0, 0
L -434.0000, 230.0000, 0.0000,  -434.0000, 238.0000, 0.0000,  0, 0, 0
L -434.0000, 238.0000, 0.0000,  -435.0000, 241.0000, 0.0000,  0, 0, 0
L -435.0000, 241.0000, 0.0000,  -439.0000, 245.0000, -2.0000,  0, 0, 0
L -439.0000, 245.0000, -2.0000,  -448.0000, 250.0000, -8.0000,  0, 0, 0
L -448.0000, 250.0000, -8.0000,  -459.0000, 255.0000, -13.0000,  0, 0, 0
L -459.0000, 255.0000, -13.0000,  -461.0000, 258.0000, -11.0000,  0, 0, 0
L -461.0000, 258.0000, -11.0000,  -465.0000, 261.0000, -8.0000,  0, 0, 0
L -465.0000, 261.0000, -8.0000,  -469.0000, 264.0000, -9.0000,  0, 0, 0
L -469.0000, 264.0000, -9.0000,  -471.0000, 270.0000, -7.0000,  0, 0, 0
L -471.0000, 270.0000, -7.0000,  -472.0000, 276.0000, -3.0000,  0, 0, 0
L -472.0000, 276.0000, -3.0000,  -473.0000, 286.0000, 0.0000,  0, 0, 0
L -473.0000, 286.0000, 0.0000,  -474.0000, 295.0000, 0.0000,  0, 0, 0
L -474.0000, 295.0000, 0.0000,  -473.0000, 307.0000, 0.0000,  0, 0, 0
L -473.0000, 307.0000, 0.0000,  -472.0000, 314.0000, 0.0000,  0, 0, 0
L -472.0000, 314.0000, 0.0000,  -471.0000, 319.0000, -2.0000,  0, 0, 0
L -471.0000, 319.0000, -2.0000,  -471.0000, 324.0000, -6.0000,  0, 0, 0
L -471.0000, 324.0000, -6.0000,  -468.0000, 326.0000, -11.0000,  0, 0, 0
L -468.0000, 326.0000, -11.0000,  -451.0000, 336.0000, -8.0000,  0, 0, 0
L -451.0000, 336.0000, -8.0000,  -442.0000, 340.0000, -15.0000,  0, 0, 0
L -442.0000, 340.0000, -15.0000,  -438.0000, 337.0000, -16.0000,  0, 0, 0
L -438.0000, 337.0000, -16.0000,  -436.0000, 332.0000, -16.0000,  0, 0, 0
L -436.0000, 332.0000, -16.0000,  -433.0000, 322.0000, -15.0000,  0, 0, 0
L -433.0000, 322.0000, -15.0000,  -428.0000, 315.0000, -13.0000,  0, 0, 0
L -428.0000, 315.0000, -13.0000,  -425.0000, 313.0000, -12.0000,  0, 0, 0
L -425.0000, 313.0000, -12.0000,  -422.0000, 311.0000, -11.0000,  0, 0, 0
L -422.0000, 311.0000, -11.0000,  -412.0000, 308.0000, -12.0000,  0, 0, 0
L -412.0000, 308.0000, -12.0000,  -390.0000, 302.0000, -13.0000,  0, 0, 0
L -390.0000, 302.0000, -13.0000,  -368.0000, 302.0000, -14.0000,  0, 0, 0
L -368.0000, 302.0000, -14.0000,  -355.0000, 302.0000, -14.0000,  0, 0, 0
L -355.0000, 302.0000, -14.0000,  -350.0000, 303.0000, -15.0000,  0, 0, 0
L -350.0000, 303.0000, -15.0000,  -341.0000, 306.0000, -14.0000,  0, 0, 0
L -341.0000, 306.0000, -14.0000,  -334.0000, 309.0000, -8.0000,  0, 0, 0
L -334.0000, 309.0000, -8.0000,  -332.0000, 312.0000, -8.0000,  0, 0, 0
L -332.0000, 312.0000, -8.0000,  -328.0000, 317.0000, -9.0000,  0, 0, 0
L -328.0000, 317.0000, -9.0000,  -325.0000, 322.0000, -9.0000,  0, 0, 0
L -325.0000, 322.0000, -9.0000,  -322.0000, 327.0000, -10.0000,  0, 0, 0
L -322.0000, 327.0000, -10.0000,  -321.0000, 330.0000, -12.0000,  0, 0, 0
L -321.0000, 330.0000, -12.0000,  -318.0000, 333.0000, -15.0000,  0, 0, 0
L -318.0000, 333.0000, -15.0000,  -282.0000, 332.0000, -12.0000,  0, 0, 0
L -282.0000, 332.0000, -12.0000,  -277.0000, 331.0000, -13.0000,  0, 0, 0
L -277.0000, 331.0000, -13.0000,  -273.0000, 328.0000, -20.0000,  0, 0, 0
L -273.0000, 328.0000, -20.0000,  -273.0000, 318.0000, -19.0000,  0, 0, 0
L -273.0000, 318.0000, -19.0000,  -273.0000, 311.0000, -17.0000,  0, 0, 0
L -273.0000, 311.0000, -17.0000,  -276.0000, 304.0000, -16.0000,  0, 0, 0
L -276.0000, 304.0000, -16.0000,  -290.0000, 291.0000, -18.0000,  0, 0, 0
L -290.0000, 291.0000, -18.0000,  -300.0000, 285.0000, -16.0000,  0, 0, 0
L -300.0000, 285.0000, -16.0000,  -326.0000, 269.0000, -6.0000,  0, 0, 0
L -326.0000, 269.0000, -6.0000,  -330.0000, 265.0000, -5.0000,  0, 0, 0
L -330.0000, 265.0000, -5.0000,  -330.0000, 261.0000, -2.0000,  0, 0, 0
L -330.0000, 261.0000, -2.0000,  -334.0000, 257.0000, 0.0000,  0, 0, 0
L -334.0000, 257.0000, 0.0000,  -335.0000, 247.0000, -6.0000,  0, 0, 0
L -335.0000, 247.0000, -6.0000,  -338.0000, 242.0000, 0.0000,  0, 0, 0
L -338.0000, 242.0000, 0.0000,  -332.0000, 237.0000, 2.0000,  0, 0, 0
L -332.0000, 237.0000, 2.0000,  -332.0000, 229.0000, 0.0000,  0, 0, 0
L -332.0000, 229.0000, 0.0000,  -331.0000, 224.0000, -4.0000,  0, 0, 0
L -331.0000, 224.0000, -4.0000,  -331.0000, 222.0000, -7.0000,  0, 0, 0
L -331.0000, 222.0000, -7.0000,  -330.0000, 216.0000, -15.0000,  0, 0, 0
L -330.0000, 216.0000, -15.0000,  -328.0000, 209.0000, -13.0000,  0, 0, 0
L -328.0000, 209.0000, -13.0000,  -327.0000, 205.0000, -12.0000,  0, 0, 0
L -327.0000, 205.0000, -12.0000,  -324.0000, 200.0000, -7.0000,  0, 0, 0
L -324.0000, 200.0000, -7.0000,  -317.0000, 196.0000, -8.0000,  0, 0, 0
L -317.0000, 196.0000, -8.0000,  -312.0000, 191.0000, -8.0000,  0, 0, 0
L -312.0000, 191.0000, -8.0000,  -307.0000, 182.0000, -11.0000,  0, 0, 0
L -307.0000, 182.0000, -11.0000,  -307.0000, 180.0000, -10.0000,  0, 0, 0
L -307.0000, 180.0000, -10.0000,  -305.0000, 174.0000, -9.0000,  0, 0, 0
L -305.0000, 174.0000, -9.0000,  -300.0000, 155.0000, -12.0000,  0, 0, 0
L -300.0000, 155.0000, -12.0000,  -296.0000, 150.0000, -13.0000,  0, 0, 0
L -296.0000, 150.0000, -13.0000,  -283.0000, 138.0000, -15.0000,  0, 0, 0
L 293.0000, 826.0000, -59.1000,  284.0000, 840.0000, -59.1000,  0, 0, 0
L 253.0000, 783.0000, -59.1000,  217.5000, 842.1000, -59.1000,  0, 0, 0
L 284.0000, 840.0000, -59.1000,  282.7000, 842.1000, -59.1000,  0, 0, 0
L 217.5000, 842.1000, -59.1000,  282.7000, 842.1000, -59.1000,  199, 21, 133
L 282.7000, 842.1000, -59.1000,  269.8000, 875.5000, -59.1000,  0, 0, 0
L 217.5000, 842.1000, -59.1000,  200.3000, 870.8000, -59.1000,  0, 0, 0
L -1081.6000, 83.4000, -12.6000,  -1081.6000, 74.8000, -12.6000,  0, 0, 0
L -846.9000, 83.4000, -12.6000,  -917.8000, 83.4000, -12.6000,  0, 0, 0
L -767.4000, 83.4000, -12.6000,  -838.2000, 83.4000, -12.6000,  0, 0, 0
L -1005.7000, 83.4000, -12.6000,  -1081.6000, 83.4000, -12.6000,  0, 0, 0
L -1081.6000, 74.8000, -12.6000,  -1078.3998, 74.8000, -12.6000,  0, 0, 0
L -926.4000, 83.4000, -12.6000,  -997.0000, 83.4000, -12.6000,  0, 0, 0
L -1078.3998, 67.4000, -12.6000,  -1087.8998, 67.4000, -12.6000,  0, 0, 0
L -1087.8998, 67.4000, -12.6000,  -1087.8998, 74.8000, -12.6000,  0, 0, 0
L -1078.3998, 74.8000, -12.6000,  -1078.3998, 67.4000, -12.6000,  0, 0, 0
L -1086.0000, 74.8000, -12.6000,  -1087.8998, 74.8000, -12.6000,  0, 0, 0
L -1086.0000, 74.8000, -12.6000,  -1085.7000, 98.6000, -12.6000,  0, 0, 0
L -1094.2998, 1.4000, -12.6000,  -1085.7000, 1.4000, -12.6000,  0, 0, 0
L -842.1000, 449.2000, -12.6000,  -729.0000, 449.3000, -12.6000,  0, 0, 0
L -1211.0000, 107.1000, -12.6000,  -1211.0000, 98.6000, -12.6000,  0, 0, 0
L -1219.5000, 1.4000, -12.6000,  -1211.0000, 1.4000, -12.6000,  0, 0, 0
L -1094.2000, 98.6000, -12.6000,  -1085.7000, 98.6000, -12.6000,  0, 0, 0
L -1094.2998, 107.1000, -12.6000,  -1211.0000, 107.1000, -12.6000,  0, 0, 0
L -1211.0000, -7.2000, -12.6000,  -1094.2998, -7.2000, -12.6000,  0, 0, 0
L -1094.2998, 107.1000, -12.6000,  -1094.2000, 98.6000, -12.6000,  0, 0, 0
L -1211.0000, 1.4000, -12.6000,  -1211.0000, -7.2000, -12.6000,  0, 0, 0
L -1086.0000, 22.8000, -12.6000,  -1085.7000, 1.4000, -12.6000,  0, 0, 0
L -842.1000, 121.3000, -12.6000,  -842.1000, 449.2000, -12.6000,  0, 0, 0
L -1094.2998, -7.2000, -12.6000,  -1094.2998, 1.4000, -12.6000,  0, 0, 0
L -1211.0000, 98.6000, -12.6000,  -1218.1000, 98.6000, -12.6000,  0, 0, 0
L -721.6000, 448.0000, -12.6000,  -721.6000, 457.6000, -12.6000,  0, 0, 0
L -729.0000, 449.3000, -12.6000,  -729.0000, 448.0000, -12.6000,  0, 0, 0
L -729.0000, 448.0000, -12.6000,  -721.6000, 448.0000, -12.6000,  0, 0, 0
L -564.1000, 193.1000, -12.6000,  -639.5000, 193.1000, -12.6000,  0, 0, 0
L -479.2000, 82.5000, -12.6000,  -480.0000, 83.4000, -12.6000,  0, 0, 0
L -723.8000, 201.3000, -12.6000,  -723.7000, 223.1000, -12.6000,  0, 0, 0
L -648.2000, 193.1000, -12.6000,  -715.6000, 193.2000, -12.6000,  0, 0, 0
L -683.7000, 513.4000, -12.6000,  -683.7000, 457.6000, -12.6000,  0, 0, 0
L -677.1000, 449.3000, -12.6000,  -677.1000, 448.0000, -12.6000,  0, 0, 0
L -604.0000, 449.2000, -12.6000,  -604.0000, 382.1000, -12.6000,  0, 0, 0
L -604.0000, 299.5000, -12.6000,  -604.0000, 299.4000, -12.6000,  0, 0, 0
L -842.1000, 121.3000, -12.6000,  -767.2000, 121.3000, -12.6000,  0, 0, 0
L -677.1000, 449.3000, -12.6000,  -604.0000, 449.2000, -12.6000,  0, 0, 0
L -604.0000, 373.4000, -12.6000,  -604.0000, 308.1000, -12.6000,  0, 0, 0
L -690.6000, 83.4000, -12.6000,  -758.8000, 83.4000, -12.6000,  0, 0, 0
L -604.0000, 231.2000, -12.6000,  -715.6000, 231.1000, -12.6000,  0, 0, 0
L -758.5000, 121.3000, -12.6000,  -690.6000, 121.4000, -12.6000,  0, 0, 0
L -480.0000, 83.4000, -12.6000,  -556.0000, 83.4000, -12.6000,  0, 0, 0
L -564.1000, 91.4000, -12.6000,  -564.1000, 134.1000, -12.6000,  0, 0, 0
L -1219.5000, 98.6000, -12.6000,  -1219.5000, 1.4000, -12.6000,  0, 0, 0
L -564.1000, 142.8000, -12.6000,  -564.1000, 193.1000, -12.6000,  0, 0, 0
L -475.0000, 83.0000, -12.6000,  -480.0000, 83.0000, -12.6000,  0, 0, 0
L -564.1000, 142.8000, -12.6000,  -564.7000, 142.8000, -12.6000,  0, 0, 0
L -564.1000, 134.1000, -12.6000,  -564.7000, 134.1000, -12.6000,  0, 0, 0
L -564.7000, 142.8000, -12.6000,  -564.7000, 134.1000, -12.6000,  0, 0, 0
L -556.0000, 83.4000, -12.6000,  -556.0000, 82.8000, -12.6000,  0, 0, 0
L -564.7000, 82.8000, -12.6000,  -556.0000, 82.8000, -12.6000,  0, 0, 0
L -564.1000, 91.4000, -12.6000,  -564.7000, 91.4000, -12.6000,  0, 0, 0
L -564.7000, 82.8000, -12.6000,  -564.7000, 91.4000, -12.6000,  0, 0, 0
L -604.0000, 308.1000, -12.6000,  -604.6000, 308.1000, -12.6000,  0, 0, 0
L -604.6000, 308.1000, -12.6000,  -604.6000, 299.4000, -12.6000,  0, 0, 0
L -604.0000, 299.4000, -12.6000,  -604.6000, 299.4000, -12.6000,  0, 0, 0
L -604.0000, 299.4000, -12.6000,  -604.0000, 231.2000, -12.6000,  0, 0, 0
L -604.0000, 382.1000, -12.6000,  -604.6000, 382.1000, -12.6000,  0, 0, 0
L -604.6000, 382.1000, -12.6000,  -604.6000, 373.4000, -12.6000,  0, 0, 0
L -604.0000, 373.4000, -12.6000,  -604.6000, 373.4000, -12.6000,  0, 0, 0
L -715.6000, 193.2000, -12.6000,  -715.6000, 192.6000, -12.6000,  0, 0, 0
L -724.3000, 192.6000, -12.6000,  -715.6000, 192.6000, -12.6000,  0, 0, 0
L -723.8000, 201.3000, -12.6000,  -724.3000, 201.3000, -12.6000,  0, 0, 0
L -724.3000, 192.6000, -12.6000,  -724.3000, 201.3000, -12.6000,  0, 0, 0
L -648.2000, 193.1000, -12.6000,  -648.2000, 192.6000, -12.6000,  0, 0, 0
L -639.5000, 193.1000, -12.6000,  -639.5000, 192.6000, -12.6000,  0, 0, 0
L -648.2000, 192.6000, -12.6000,  -639.5000, 192.6000, -12.6000,  0, 0, 0
L -1086.0000, 22.8000, -12.6000,  -1087.8998, 22.8000, -12.6000,  0, 0, 0
L -1087.8998, 22.8000, -12.6000,  -1087.8998, 30.2000, -12.6000,  0, 0, 0
L -1078.3998, 30.2000, -12.6000,  -1087.8998, 30.2000, -12.6000,  0, 0, 0
L -1078.3998, 30.2000, -12.6000,  -1078.3998, 22.8000, -12.6000,  0, 0, 0
L -1081.6000, 22.8000, -12.6000,  -1078.3998, 22.8000, -12.6000,  0, 0, 0
L -1081.6000, 22.8000, -12.6000,  -1081.6000, 14.2000, -12.6000,  0, 0, 0
L -681.9000, 82.8000, -12.6000,  -681.9000, 91.4000, -12.6000,  0, 0, 0
L -681.9000, 82.8000, -12.6000,  -690.6000, 82.8000, -12.6000,  0, 0, 0
L -682.5000, 91.4000, -12.6000,  -681.9000, 91.4000, -12.6000,  0, 0, 0
L -682.5000, 113.4000, -12.6000,  -681.9000, 113.4000, -12.6000,  0, 0, 0
L -690.6000, 121.4000, -12.6000,  -690.6000, 122.0000, -12.6000,  0, 0, 0
L -681.9000, 122.0000, -12.6000,  -690.6000, 122.0000, -12.6000,  0, 0, 0
L -681.9000, 122.0000, -12.6000,  -681.9000, 113.4000, -12.6000,  0, 0, 0
L -724.3000, 231.7000, -12.6000,  -724.3000, 223.1000, -12.6000,  0, 0, 0
L -724.3000, 231.7000, -12.6000,  -715.6000, 231.7000, -12.6000,  0, 0, 0
L -723.7000, 223.1000, -12.6000,  -724.3000, 223.1000, -12.6000,  0, 0, 0
L -715.6000, 231.1000, -12.6000,  -715.6000, 231.7000, -12.6000,  0, 0, 0
L -684.5000, 448.0000, -12.6000,  -677.1000, 448.0000, -12.6000,  0, 0, 0
L -684.5000, 448.0000, -12.6000,  -684.5000, 457.6000, -12.6000,  0, 0, 0
L -684.5000, 457.6000, -12.6000,  -683.7000, 457.6000, -12.6000,  0, 0, 0
L -722.4000, 457.6000, -12.6000,  -721.6000, 457.6000, -12.6000,  0, 0, 0
L -722.4000, 513.4000, -12.6000,  -722.4000, 457.6000, -12.6000,  0, 0, 0
L -690.6000, 83.4000, -12.6000,  -690.6000, 82.8000, -12.6000,  0, 0, 0
L -758.8000, 83.4000, -12.6000,  -758.8000, 82.8000, -12.6000,  0, 0, 0
L -767.4000, 83.4000, -12.6000,  -767.4000, 82.8000, -12.6000,  0, 0, 0
L -758.8000, 82.8000, -12.6000,  -767.4000, 82.8000, -12.6000,  0, 0, 0
L -838.2000, 83.4000, -12.6000,  -838.2000, 82.8000, -12.6000,  0, 0, 0
L -846.9000, 83.4000, -12.6000,  -846.9000, 82.8000, -12.6000,  0, 0, 0
L -838.2000, 82.8000, -12.6000,  -846.9000, 82.8000, -12.6000,  0, 0, 0
L -917.8000, 83.4000, -12.6000,  -917.8000, 82.8000, -12.6000,  0, 0, 0
L -926.4000, 83.4000, -12.6000,  -926.4000, 82.8000, -12.6000,  0, 0, 0
L -917.8000, 82.8000, -12.6000,  -926.4000, 82.8000, -12.6000,  0, 0, 0
L -997.0000, 83.4000, -12.6000,  -997.0000, 82.8000, -12.6000,  0, 0, 0
L -1005.7000, 83.4000, -12.6000,  -1005.7000, 82.8000, -12.6000,  0, 0, 0
L -997.0000, 82.8000, -12.6000,  -1005.7000, 82.8000, -12.6000,  0, 0, 0
L -682.5000, 91.4000, -12.6000,  -682.5000, 113.4000, -12.6000,  0, 0, 0
L -758.5000, 121.9000, -12.6000,  -758.5000, 121.3000, -12.6000,  0, 0, 0
L -767.2000, 121.9000, -12.6000,  -767.2000, 121.3000, -12.6000,  0, 0, 0
L -758.5000, 121.9000, -12.6000,  -767.2000, 121.9000, -12.6000,  0, 0, 0
