L -635.1238, 277.5919, -7.6833,  -643.1982, 269.7728, -8.5953,  50, 50, 50
L -643.1982, 269.7728, -8.5953,  -643.0710, 259.8040, -7.5994,  50, 50, 50
L -643.0710, 259.8040, -7.5994,  -634.9283, 251.2748, -8.3038,  50, 50, 50
L -634.9283, 251.2748, -8.3038,  -624.6184, 250.8625, -7.7419,  50, 50, 50
L -624.6184, 250.8625, -7.7419,  -616.8842, 258.0311, -9.2771,  50, 50, 50
L -616.8842, 258.0311, -9.2771,  -616.8217, 269.3650, -7.3484,  50, 50, 50
L -616.8217, 269.3650, -7.3484,  -624.4500, 277.3798, -8.4958,  50, 50, 50
L -624.4500, 277.3798, -8.4958,  -634.7881, 277.5546, -7.6569,  50, 50, 50
L -635.2676, 289.2832, -8.5306,  -626.8970, 296.8600, -8.2381,  127, 127, 0
L -626.8970, 296.8600, -8.2381,  -626.7880, 308.3315, -8.6006,  127, 127, 0
L -626.7880, 308.3315, -8.6006,  -634.2935, 316.6137, -8.3217,  127, 127, 0
L -634.2935, 316.6137, -8.3217,  -645.4832, 316.7803, -8.8137,  127, 127, 0
L -645.4832, 316.7803, -8.8137,  -653.4156, 309.7597, -9.6268,  127, 127, 0
L -653.4156, 309.7597, -9.6268,  -653.6956, 298.1830, -8.4374,  127, 127, 0
L -653.6956, 298.1830, -8.4374,  -645.7892, 289.6730, -6.3339,  127, 127, 0
L -645.7892, 289.6730, -6.3339,  -635.2676, 289.2832, -8.8277,  127, 127, 0
L -642.1199, 343.8722, -9.1970,  -630.8366, 344.2855, -7.7259,  50, 50, 50
L -630.8366, 344.2855, -7.7259,  -623.0020, 351.9247, -8.4197,  50, 50, 50
L -623.0020, 351.9247, -8.4197,  -622.3098, 362.8761, -8.3216,  50, 50, 50
L -622.3098, 362.8761, -8.3216,  -630.2675, 370.9007, -8.3846,  50, 50, 50
L -630.2675, 370.9007, -8.3846,  -640.9071, 371.1686, -8.3369,  50, 50, 50
L -640.9071, 371.1686, -8.3369,  -649.2268, 363.6501, -8.4796,  50, 50, 50
L -649.2268, 363.6501, -8.4796,  -649.6156, 352.6093, -8.0940,  50, 50, 50
L -649.6156, 352.6093, -8.0940,  -642.0660, 344.2826, -8.8408,  50, 50, 50
L -633.6954, 392.7693, -8.7491,  -622.6714, 392.8257, -8.5310,  127, 127, 0
L -622.6714, 392.8257, -8.5310,  -614.5014, 400.0439, -8.5704,  127, 127, 0
L -614.5014, 400.0439, -8.5704,  -613.9086, 411.5628, -8.7355,  127, 127, 0
L -613.9086, 411.5628, -8.7355,  -621.3909, 419.3256, -7.5544,  127, 127, 0
L -621.3909, 419.3256, -7.5544,  -632.3251, 420.1498, -8.8416,  127, 127, 0
L -632.3251, 420.1498, -8.8416,  -640.8096, 412.4520, -7.9773,  127, 127, 0
L -640.8096, 412.4520, -7.9773,  -641.0782, 401.3195, -8.5761,  127, 127, 0
L -641.0782, 401.3195, -8.5761,  -633.5383, 393.1924, -8.1831,  127, 127, 0
P 294.6362, 720.5458, -71.7053,  240, 0, 0,  3,  to_The_Chambers_of_Puissance
P -703.0000, 515.0000, -14.2160,  240, 0, 0,  3,  to_Aureate_Covert
P 154.8006, -7.6827, 17.7280,  240, 0, 0,  3,  to_The_Theater_of_Eternity
P 120.0000, -7.0000, 19.0592,  240, 0, 0,  2,  Succor
P 115.6306, 2.7757, 20.6644,  0, 127, 127,  2,  a_norrathian_scout_(Quest)
P 123.3766, -17.8773, 20.8311,  0, 127, 127,  2,  Impha_Quae_(Quest)
P 235.8816, 432.2010, -71.9187,  127, 64, 0,  2,  Ma`Maie,_the_Nest_Mother_(Hunter)
P -710.8268, 235.4956, -12.9971,  240, 240, 0,  1,  .
P -613.6807, 244.2152, -12.9912,  240, 240, 0,  1,  .
P -689.8676, 124.4054, -9.3666,  240, 240, 0,  1,  .
P 176.3498, 231.4966, -71.2643,  127, 64, 0,  2,  scalewrought_servitor_(Hunter)
P -244.0146, 367.8963, -29.9985,  240, 240, 0,  1,  .
P -286.2275, 426.2986, -15.7452,  240, 240, 0,  1,  .
P -6.3575, 57.9089, 0.8331,  240, 240, 0,  1,  .
P -509.8132, -22.8100, -10.8708,  240, 240, 0,  1,  .
P -672.3539, 447.0800, -14.1906,  240, 240, 0,  1,  .
P -283.5952, -125.1034, -37.5863,  127, 64, 0,  2,  Tha`k_Rustae,_the_Butcher_(Hunter)
P -110.0464, 210.1432, -50.6496,  240, 240, 0,  1,  .
P 32.2391, -163.8942, -0.6584,  127, 64, 0,  2,  scalewrought_rancher_(Hunter)
