L -1694, -833, 410, -1722, -775, 419, 150, 150, 150
L -1722, -775, 419, -1726, -761, 423, 150, 150, 150
L -1726, -761, 423, -1731, -747, 428, 150, 150, 150
L -1731, -747, 428, -1732, -734, 433, 150, 150, 150
L -1732, -734, 433, -1731, -710, 440, 150, 150, 150
L -1731, -710, 440, -1731, -697, 444, 150, 150, 150
L -1731, -697, 444, -1727, -677, 447, 150, 150, 150
L -1727, -677, 447, -1723, -653, 450, 150, 150, 150
L -1723, -653, 450, -1719, -639, 453, 150, 150, 150
L -1719, -639, 453, -1712, -608, 461, 150, 150, 150
L -1712, -608, 461, -1712, -572, 463, 150, 150, 150
L -1712, -572, 463, -1714, -557, 466, 150, 150, 150
L -1714, -557, 466, -1715, -543, 469, 150, 150, 150
L -1715, -543, 469, -1716, -517, 473, 150, 150, 150
L -1716, -517, 473, -1717, -509, 474, 150, 150, 150
L -1717, -509, 474, -1714, -473, 481, 150, 150, 150
L -1714, -473, 481, -1710, -449, 482, 150, 150, 150
L -1710, -449, 482, -1707, -426, 481, 150, 150, 150
L -1707, -426, 481, -1704, -409, 479, 150, 150, 150
L -1704, -409, 479, -1695, -377, 467, 150, 150, 150
L -1695, -377, 467, -1693, -363, 463, 150, 150, 150
L -1693, -363, 463, -1691, -322, 447, 150, 150, 150
L -1691, -322, 447, -1689, -301, 430, 150, 150, 150
L -1689, -301, 430, -1688, -286, 418, 150, 150, 150
L -1688, -286, 418, -1687, -272, 407, 150, 150, 150
L -1687, -272, 407, -1683, -253, 382, 150, 150, 150
L -1683, -253, 382, -1664, -226, 366, 150, 150, 150
L -1664, -226, 366, -1653, -216, 357, 150, 150, 150
L -1653, -216, 357, -1638, -209, 352, 150, 150, 150
L -1638, -209, 352, -1631, -194, 345, 150, 150, 150
L -1631, -194, 345, -1622, -177, 331, 150, 150, 150
L -1622, -177, 331, -1610, -152, 319, 150, 150, 150
L -1610, -152, 319, -1597, -134, 310, 150, 150, 150
L -1597, -134, 310, -1586, -121, 303, 150, 150, 150
L -1586, -121, 303, -1562, -99, 299, 150, 150, 150
L -1562, -99, 299, -1506, -50, 287, 150, 150, 150
L -1506, -50, 287, -1494, -43, 285, 150, 150, 150
L -1494, -43, 285, -1469, -29, 282, 150, 150, 150
L -1469, -29, 282, -1438, -13, 270, 150, 150, 150
L -1438, -13, 270, -1408, -7, 264, 150, 150, 150
L -1408, -7, 264, -1390, -5, 262, 150, 150, 150
L -1390, -5, 262, -1379, -6, 261, 150, 150, 150
L -1379, -6, 261, -1359, -6, 258, 150, 150, 150
L -1359, -6, 258, -1334, -8, 256, 150, 150, 150
L -1334, -8, 256, -1304, -11, 252, 150, 150, 150
L -1304, -11, 252, -1289, -13, 250, 150, 150, 150
L -1289, -13, 250, -1273, -14, 248, 150, 150, 150
L -1273, -14, 248, -1243, -14, 242, 150, 150, 150
L -1243, -14, 242, -1214, -13, 235, 150, 150, 150
L -1214, -13, 235, -1153, -11, 224, 150, 150, 150
L -1153, -11, 224, -1117, -15, 215, 150, 150, 150
L -1117, -15, 215, -1100, -22, 212, 150, 150, 150
L -1100, -22, 212, -1081, -39, 210, 150, 150, 150
L -1081, -39, 210, -1063, -56, 208, 150, 150, 150
L -1063, -56, 208, -1037, -73, 201, 150, 150, 150
L -1037, -73, 201, -1008, -85, 187, 150, 150, 150
L -1008, -85, 187, -991, -95, 178, 150, 150, 150
L -991, -95, 178, -941, -122, 150, 150, 150, 150
L -941, -122, 150, -907, -137, 127, 150, 150, 150
L -907, -137, 127, -899, -140, 124, 150, 150, 150
L -899, -140, 124, -840, -168, 99, 150, 150, 150
L -840, -168, 99, -804, -212, 97, 150, 150, 150
L -804, -212, 97, -778, -262, 91, 150, 150, 150
L -778, -262, 91, -767, -301, 85, 150, 150, 150
L -767, -301, 85, -765, -341, 84, 150, 150, 150
L -765, -341, 84, -761, -355, 84, 150, 150, 150
L -761, -355, 84, -754, -386, 85, 150, 150, 150
L -754, -386, 85, -749, -400, 85, 150, 150, 150
L -749, -400, 85, -737, -441, 80, 150, 150, 150
L -737, -441, 80, -727, -476, 74, 150, 150, 150
L -727, -476, 74, -725, -488, 72, 150, 150, 150
L -725, -488, 72, -723, -502, 71, 150, 150, 150
L -723, -502, 71, -721, -521, 69, 150, 150, 150
L -721, -521, 69, -719, -532, 69, 150, 150, 150
L -719, -532, 69, -717, -547, 70, 150, 150, 150
L -717, -547, 70, -713, -571, 71, 150, 150, 150
L -713, -571, 71, -710, -593, 71, 150, 150, 150
L -710, -593, 71, -704, -615, 69, 150, 150, 150
L -704, -615, 69, -692, -647, 72, 150, 150, 150
L -692, -647, 72, -679, -676, 68, 150, 150, 150
L -679, -676, 68, -677, -687, 66, 150, 150, 150
L -677, -687, 66, -675, -703, 65, 150, 150, 150
L -675, -703, 65, -671, -729, 65, 150, 150, 150
L -671, -729, 65, -668, -756, 63, 150, 150, 150
L -668, -756, 63, -671, -776, 63, 150, 150, 150
L -671, -776, 63, -682, -805, 64, 150, 150, 150
L -682, -805, 64, -721, -833, 72, 150, 150, 150
L -721, -833, 72, -730, -849, 74, 150, 150, 150
L -730, -849, 74, -732, -875, 71, 150, 150, 150
L -732, -875, 71, -730, -888, 68, 150, 150, 150
L -730, -888, 68, -718, -914, 62, 150, 150, 150
L -718, -914, 62, -702, -931, 56, 150, 150, 150
L -702, -931, 56, -690, -941, 53, 150, 150, 150
L -690, -941, 53, -674, -956, 50, 150, 150, 150
L -674, -956, 50, -662, -965, 48, 150, 150, 150
L -1807, -665, 463, -1810, -599, 458, 150, 150, 150
L -1810, -599, 458, -1810, -584, 458, 150, 150, 150
L -1810, -584, 458, -1811, -570, 458, 150, 150, 150
L -1811, -570, 458, -1809, -523, 462, 150, 150, 150
L -1809, -523, 462, -1803, -511, 463, 150, 150, 150
L -1803, -511, 463, -1786, -488, 471, 150, 150, 150
L -1786, -488, 471, -1771, -472, 467, 150, 150, 150
L -1771, -472, 467, -1765, -450, 470, 150, 150, 150
L -1765, -450, 470, -1765, -436, 472, 150, 150, 150
L -1765, -436, 472, -1765, -425, 474, 150, 150, 150
L -1765, -425, 474, -1766, -413, 475, 150, 150, 150
L -1766, -413, 475, -1766, -393, 479, 150, 150, 150
L -1766, -393, 479, -1765, -379, 482, 150, 150, 150
L -1765, -379, 482, -1764, -364, 482, 150, 150, 150
L -1764, -364, 482, -1763, -348, 484, 150, 150, 150
L -1763, -348, 484, -1759, -335, 481, 150, 150, 150
L -1759, -335, 481, -1752, -324, 475, 150, 150, 150
L -1752, -324, 475, -1739, -287, 453, 150, 150, 150
L -1739, -287, 453, -1729, -264, 424, 150, 150, 150
L -1729, -264, 424, -1723, -250, 410, 150, 150, 150
L -1723, -250, 410, -1720, -237, 401, 150, 150, 150
L -1720, -237, 401, -1717, -223, 384, 150, 150, 150
L -1717, -223, 384, -1719, -188, 359, 150, 150, 150
L -1719, -188, 359, -1717, -142, 325, 150, 150, 150
L -1717, -142, 325, -1713, -125, 318, 150, 150, 150
L -1713, -125, 318, -1706, -96, 306, 150, 150, 150
L -1706, -96, 306, -1702, -73, 301, 150, 150, 150
L -1702, -73, 301, -1695, -41, 298, 150, 150, 150
L -1695, -41, 298, -1689, -25, 300, 150, 150, 150
L -1689, -25, 300, -1683, -11, 301, 150, 150, 150
L -1683, -11, 301, -1674, 2, 305, 150, 150, 150
L -1674, 2, 305, -1663, 11, 301, 150, 150, 150
L -1663, 11, 301, -1648, 23, 290, 150, 150, 150
L -1648, 23, 290, -1625, 42, 291, 150, 150, 150
L -1625, 42, 291, -1593, 62, 283, 150, 150, 150
L -1593, 62, 283, -1577, 68, 280, 150, 150, 150
L -1577, 68, 280, -1546, 74, 277, 150, 150, 150
L -1546, 74, 277, -1508, 77, 274, 150, 150, 150
L -1508, 77, 274, -1477, 78, 268, 150, 150, 150
L -1477, 78, 268, -1466, 80, 266, 150, 150, 150
L -1466, 80, 266, -1436, 95, 246, 150, 150, 150
L -1436, 95, 246, -1416, 111, 237, 150, 150, 150
L -1416, 111, 237, -1404, 116, 235, 150, 150, 150
L -1404, 116, 235, -1377, 128, 230, 150, 150, 150
L -1377, 128, 230, -1349, 140, 228, 150, 150, 150
L -1349, 140, 228, -1336, 141, 224, 150, 150, 150
L -1336, 141, 224, -1287, 143, 219, 150, 150, 150
L -1287, 143, 219, -1255, 144, 217, 150, 150, 150
L -1255, 144, 217, -1235, 155, 223, 150, 150, 150
L -1235, 155, 223, -1220, 149, 225, 150, 150, 150
L -1220, 149, 225, -1222, 133, 222, 150, 150, 150
L -1222, 133, 222, -1221, 110, 220, 150, 150, 150
L -1221, 110, 220, -1219, 94, 218, 150, 150, 150
L -1219, 94, 218, -1217, 75, 217, 150, 150, 150
L -1217, 75, 217, -1212, 59, 217, 150, 150, 150
L -1212, 59, 217, -1194, 57, 218, 150, 150, 150
L -1194, 57, 218, -1175, 49, 220, 150, 150, 150
L -1175, 49, 220, -1157, 39, 218, 150, 150, 150
L -1157, 39, 218, -1141, 30, 215, 150, 150, 150
L -1141, 30, 215, -1120, 19, 211, 150, 150, 150
L -1120, 19, 211, -1109, 18, 208, 150, 150, 150
L -1109, 18, 208, -1085, 25, 199, 150, 150, 150
L -1085, 25, 199, -1063, 41, 190, 150, 150, 150
L -1063, 41, 190, -1037, 53, 180, 150, 150, 150
L -1037, 53, 180, -995, 61, 161, 150, 150, 150
L -995, 61, 161, -976, 61, 152, 150, 150, 150
L -976, 61, 152, -940, 60, 142, 150, 150, 150
L -940, 60, 142, -902, 63, 135, 150, 150, 150
L -902, 63, 135, -866, 65, 126, 150, 150, 150
L -866, 65, 126, -848, 71, 124, 150, 150, 150
L -848, 71, 124, -830, 78, 124, 150, 150, 150
L -830, 78, 124, -739, 116, 124, 150, 150, 150
L -739, 116, 124, -720, 133, 134, 150, 150, 150
L -720, 133, 134, -708, 136, 136, 150, 150, 150
L -708, 136, 136, -689, 139, 138, 150, 150, 150
L -689, 139, 138, -678, 143, 138, 150, 150, 150
L -678, 143, 138, -654, 151, 139, 150, 150, 150
L -654, 151, 139, -643, 153, 140, 150, 150, 150
L -643, 153, 140, -614, 158, 149, 150, 150, 150
L -614, 158, 149, -588, 154, 152, 150, 150, 150
L -588, 154, 152, -551, 144, 143, 150, 150, 150
L -551, 144, 143, -505, 141, 128, 150, 150, 150
L -505, 141, 128, -477, 140, 122, 150, 150, 150
L -477, 140, 122, -457, 143, 119, 150, 150, 150
L -457, 143, 119, -420, 150, 120, 150, 150, 150
L -420, 150, 120, -390, 155, 119, 150, 150, 150
L -390, 155, 119, -365, 160, 118, 150, 150, 150
L -365, 160, 118, -337, 168, 112, 150, 150, 150
L -337, 168, 112, -325, 172, 112, 150, 150, 150
L -325, 172, 112, -314, 179, 113, 150, 150, 150
L -314, 179, 113, -299, 189, 110, 150, 150, 150
L -299, 189, 110, -278, 206, 109, 150, 150, 150
L -278, 206, 109, -250, 237, 108, 150, 150, 150
L -250, 237, 108, -231, 261, 108, 150, 150, 150
L -231, 261, 108, -219, 270, 107, 150, 150, 150
L -219, 270, 107, -203, 282, 104, 150, 150, 150
L -203, 282, 104, -174, 304, 97, 150, 150, 150
L -174, 304, 97, -148, 320, 101, 150, 150, 150
L -148, 320, 101, -129, 332, 101, 150, 150, 150
L -129, 332, 101, -117, 338, 100, 150, 150, 150
L -117, 338, 100, -101, 345, 100, 150, 150, 150
L -101, 345, 100, -88, 350, 101, 150, 150, 150
L -88, 350, 101, -60, 360, 95, 150, 150, 150
L -60, 360, 95, -27, 376, 85, 150, 150, 150
L -27, 376, 85, -21, 380, 84, 150, 150, 150
L -21, 380, 84, 46, 424, 82, 150, 150, 150
L 46, 424, 82, 70, 438, 84, 150, 150, 150
L 70, 438, 84, 102, 453, 84, 150, 150, 150
L 102, 453, 84, 110, 459, 83, 150, 150, 150
L 110, 459, 83, 138, 482, 79, 150, 150, 150
L 138, 482, 79, 142, 488, 77, 150, 150, 150
L 142, 488, 77, 162, 528, 70, 150, 150, 150
L 162, 528, 70, 167, 545, 72, 150, 150, 150
L 167, 545, 72, 171, 561, 73, 150, 150, 150
L 171, 561, 73, 175, 583, 79, 150, 150, 150
L 175, 583, 79, 171, 600, 83, 150, 150, 150
L 171, 600, 83, 149, 620, 95, 150, 150, 150
L 149, 620, 95, 146, 630, 98, 150, 150, 150
L 146, 630, 98, 139, 654, 107, 150, 150, 150
L 139, 654, 107, 138, 665, 109, 150, 150, 150
L 138, 665, 109, 137, 679, 112, 150, 150, 150
L 137, 679, 112, 137, 694, 117, 150, 150, 150
L 137, 694, 117, 136, 707, 121, 150, 150, 150
L 136, 707, 121, 133, 726, 124, 150, 150, 150
L 133, 726, 124, 124, 747, 136, 150, 150, 150
L 124, 747, 136, 114, 760, 142, 150, 150, 150
L 114, 760, 142, 101, 777, 149, 150, 150, 150
L 101, 777, 149, 94, 797, 157, 150, 150, 150
L 94, 797, 157, 91, 819, 164, 150, 150, 150
L 91, 819, 164, 93, 866, 168, 150, 150, 150
L 93, 866, 168, 108, 895, 169, 150, 150, 150
L 108, 895, 169, 125, 903, 166, 150, 150, 150
L 125, 903, 166, 142, 908, 164, 150, 150, 150
L 142, 908, 164, 154, 908, 162, 150, 150, 150
L 154, 908, 162, 176, 909, 154, 150, 150, 150
L 176, 909, 154, 197, 912, 150, 150, 150, 150
L 197, 912, 150, 226, 916, 145, 150, 150, 150
L 226, 916, 145, 260, 938, 133, 150, 150, 150
L 260, 938, 133, 268, 941, 130, 150, 150, 150
L 268, 941, 130, 305, 957, 122, 150, 150, 150
L 305, 957, 122, 316, 970, 124, 150, 150, 150
L 316, 970, 124, 328, 986, 125, 150, 150, 150
L 328, 986, 125, 333, 1008, 128, 150, 150, 150
L 333, 1008, 128, 332, 1029, 133, 150, 150, 150
L 332, 1029, 133, 332, 1042, 137, 150, 150, 150
L 332, 1042, 137, 331, 1065, 143, 150, 150, 150
L 331, 1065, 143, 329, 1094, 151, 150, 150, 150
L 329, 1094, 151, 326, 1115, 158, 150, 150, 150
L 326, 1115, 158, 334, 1137, 159, 150, 150, 150
L 334, 1137, 159, 347, 1153, 157, 150, 150, 150
L 347, 1153, 157, 364, 1159, 154, 150, 150, 150
L 364, 1159, 154, 393, 1167, 147, 150, 150, 150
L 393, 1167, 147, 466, 1196, 125, 150, 150, 150
L 466, 1196, 125, 466, 1313, 97, 150, 150, 150
L 466, 1313, 97, 444, 1345, 99, 150, 150, 150
L 444, 1345, 99, 418, 1362, 108, 150, 150, 150
L 418, 1362, 108, 413, 1385, 109, 150, 150, 150
L 413, 1385, 109, 413, 1405, 114, 150, 150, 150
L 413, 1405, 114, 419, 1425, 112, 150, 150, 150
L 419, 1425, 112, 417, 1450, 116, 150, 150, 150
L 417, 1450, 116, 412, 1471, 120, 150, 150, 150
L 412, 1471, 120, 394, 1490, 127, 150, 150, 150
L 394, 1490, 127, 388, 1497, 129, 150, 150, 150
L 388, 1497, 129, 357, 1525, 133, 150, 150, 150
L 357, 1525, 133, 336, 1536, 137, 150, 150, 150
L 336, 1536, 137, 309, 1548, 142, 150, 150, 150
L 309, 1548, 142, 269, 1563, 153, 150, 150, 150
L 269, 1563, 153, 230, 1564, 176, 150, 150, 150
L 230, 1564, 176, 207, 1565, 197, 150, 150, 150
L 207, 1565, 197, 194, 1571, 206, 150, 150, 150
L 194, 1571, 206, 177, 1581, 219, 150, 150, 150
L 177, 1581, 219, 157, 1593, 234, 150, 150, 150
L 157, 1593, 234, 148, 1605, 240, 150, 150, 150
L 148, 1605, 240, 140, 1616, 245, 150, 150, 150
L 140, 1616, 245, 156, 1659, 227, 150, 150, 150
L 156, 1659, 227, 169, 1673, 225, 150, 150, 150
L 169, 1673, 225, 179, 1699, 224, 150, 150, 150
L 179, 1699, 224, 175, 1728, 220, 150, 150, 150
L 175, 1728, 220, 173, 1739, 223, 150, 150, 150
L 173, 1739, 223, 169, 1750, 228, 150, 150, 150
L 169, 1750, 228, 163, 1771, 235, 150, 150, 150
L 163, 1771, 235, 156, 1800, 238, 150, 150, 150
L 156, 1800, 238, 150, 1825, 238, 150, 150, 150
L 150, 1825, 238, 147, 1836, 239, 150, 150, 150
L 147, 1836, 239, 141, 1855, 242, 150, 150, 150
L 141, 1855, 242, 136, 1871, 245, 150, 150, 150
L 136, 1871, 245, 133, 1882, 247, 150, 150, 150
L 133, 1882, 247, 125, 1910, 251, 150, 150, 150
L 125, 1910, 251, 121, 1925, 252, 150, 150, 150
L 121, 1925, 252, 118, 1954, 253, 150, 150, 150
L 118, 1954, 253, 116, 1991, 253, 150, 150, 150
L 116, 1991, 253, 114, 2019, 251, 150, 150, 150
L 114, 2019, 251, 114, 2034, 252, 150, 150, 150
L 114, 2034, 252, 111, 2128, 243, 150, 150, 150
L 111, 2128, 243, 86, 2160, 248, 150, 150, 150
L 86, 2160, 248, 79, 2171, 249, 150, 150, 150
L 79, 2171, 249, 69, 2188, 252, 150, 150, 150
L 69, 2188, 252, 63, 2201, 256, 150, 150, 150
L 63, 2201, 256, 55, 2219, 260, 150, 150, 150
L 55, 2219, 260, 51, 2231, 265, 150, 150, 150
L 51, 2231, 265, 43, 2251, 275, 150, 150, 150
L 43, 2251, 275, 40, 2259, 279, 150, 150, 150
L 40, 2259, 279, 26, 2285, 291, 150, 150, 150
L 26, 2285, 291, 19, 2299, 294, 150, 150, 150
L 19, 2299, 294, 6, 2312, 300, 150, 150, 150
L 6, 2312, 300, -18, 2333, 309, 150, 150, 150
L -18, 2333, 309, -39, 2318, 320, 150, 150, 150
L -39, 2318, 320, -59, 2316, 328, 150, 150, 150
L -59, 2316, 328, -85, 2313, 336, 150, 150, 150
L -85, 2313, 336, -104, 2308, 340, 150, 150, 150
L -104, 2308, 340, -154, 2292, 352, 150, 150, 150
L -154, 2292, 352, -171, 2297, 355, 150, 150, 150
L -171, 2297, 355, -180, 2309, 356, 150, 150, 150
L -180, 2309, 356, -190, 2338, 357, 150, 150, 150
L -190, 2338, 357, -189, 2351, 357, 150, 150, 150
L -189, 2351, 357, -202, 2370, 360, 150, 150, 150
L -202, 2370, 360, -214, 2377, 365, 150, 150, 150
L -214, 2377, 365, -229, 2385, 371, 150, 150, 150
L -229, 2385, 371, -238, 2398, 372, 150, 150, 150
L -238, 2398, 372, -259, 2427, 377, 150, 150, 150
L -259, 2427, 377, -279, 2447, 372, 150, 150, 150
L -190, 2306, 357, -190, 2292, 357, 150, 150, 150
L -190, 2292, 357, -189, 2278, 357, 150, 150, 150
L -189, 2278, 357, -189, 2265, 357, 150, 150, 150
L -189, 2265, 357, -185, 2240, 357, 150, 150, 150
L -185, 2240, 357, -182, 2226, 358, 150, 150, 150
L -182, 2226, 358, -173, 2183, 360, 150, 150, 150
L -173, 2183, 360, -164, 2155, 366, 150, 150, 150
L -164, 2155, 366, -158, 2135, 371, 150, 150, 150
L -158, 2135, 371, -156, 2118, 370, 150, 150, 150
L -156, 2118, 370, -164, 2086, 374, 150, 150, 150
L -164, 2086, 374, -181, 2057, 383, 150, 150, 150
L -181, 2057, 383, -197, 2041, 389, 150, 150, 150
L -197, 2041, 389, -205, 2027, 389, 150, 150, 150
L -205, 2027, 389, -217, 2005, 390, 150, 150, 150
L -217, 2005, 390, -219, 1982, 388, 150, 150, 150
L -219, 1982, 388, -218, 1957, 393, 150, 150, 150
L -218, 1957, 393, -210, 1943, 392, 150, 150, 150
L -210, 1943, 392, -198, 1923, 391, 150, 150, 150
L -198, 1923, 391, -194, 1911, 391, 150, 150, 150
L -194, 1911, 391, -187, 1892, 390, 150, 150, 150
L -187, 1892, 390, -156, 1805, 390, 150, 150, 150
L -156, 1805, 390, -152, 1794, 390, 150, 150, 150
L -152, 1794, 390, -144, 1776, 390, 150, 150, 150
L -144, 1776, 390, -137, 1753, 387, 150, 150, 150
L -137, 1753, 387, -134, 1732, 387, 150, 150, 150
L -134, 1732, 387, -135, 1721, 387, 150, 150, 150
L -135, 1721, 387, -139, 1710, 388, 150, 150, 150
L -139, 1710, 388, -144, 1692, 384, 150, 150, 150
L -144, 1692, 384, -143, 1678, 386, 150, 150, 150
L -143, 1678, 386, -140, 1657, 385, 150, 150, 150
L -140, 1657, 385, -138, 1645, 385, 150, 150, 150
L -138, 1645, 385, -132, 1625, 386, 150, 150, 150
L -132, 1625, 386, -126, 1606, 386, 150, 150, 150
L -126, 1606, 386, -123, 1593, 386, 150, 150, 150
L -123, 1593, 386, -117, 1566, 386, 150, 150, 150
L -117, 1566, 386, -117, 1519, 386, 150, 150, 150
L -117, 1519, 386, -116, 1495, 385, 150, 150, 150
L -116, 1495, 385, -113, 1481, 384, 150, 150, 150
L -113, 1481, 384, -107, 1449, 382, 150, 150, 150
L -107, 1449, 382, -92, 1381, 379, 150, 150, 150
L -92, 1381, 379, -92, 1362, 378, 150, 150, 150
L -92, 1362, 378, -94, 1343, 378, 150, 150, 150
L -94, 1343, 378, -103, 1323, 376, 150, 150, 150
L -103, 1323, 376, -120, 1292, 376, 150, 150, 150
L -120, 1292, 376, -128, 1279, 373, 150, 150, 150
L -128, 1279, 373, -164, 1224, 368, 150, 150, 150
L -164, 1224, 368, -168, 1209, 366, 150, 150, 150
L -168, 1209, 366, -171, 1193, 367, 150, 150, 150
L -171, 1193, 367, -174, 1174, 367, 150, 150, 150
L -174, 1174, 367, -177, 1160, 368, 150, 150, 150
L -177, 1160, 368, -180, 1142, 366, 150, 150, 150
L -180, 1142, 366, -184, 1122, 358, 150, 150, 150
L -184, 1122, 358, -186, 1112, 358, 150, 150, 150
L -186, 1112, 358, -190, 1087, 358, 150, 150, 150
L -190, 1087, 358, -193, 1074, 358, 150, 150, 150
L -193, 1074, 358, -212, 1042, 366, 150, 150, 150
L -212, 1042, 366, -235, 1009, 373, 150, 150, 150
L -235, 1009, 373, -244, 993, 373, 150, 150, 150
L -244, 993, 373, -271, 943, 373, 150, 150, 150
L -271, 943, 373, -292, 913, 377, 150, 150, 150
L -292, 913, 377, -308, 883, 377, 150, 150, 150
L -308, 883, 377, -320, 874, 377, 150, 150, 150
L -320, 874, 377, -347, 857, 379, 150, 150, 150
L -347, 857, 379, -359, 840, 378, 150, 150, 150
L -359, 840, 378, -369, 823, 373, 150, 150, 150
L -369, 823, 373, -419, 742, 367, 150, 150, 150
L -419, 742, 367, -430, 735, 367, 150, 150, 150
L -430, 735, 367, -448, 726, 369, 150, 150, 150
L -448, 726, 369, -470, 713, 373, 150, 150, 150
L -470, 713, 373, -489, 703, 373, 150, 150, 150
L -489, 703, 373, -517, 693, 377, 150, 150, 150
L -517, 693, 377, -540, 679, 376, 150, 150, 150
L -540, 679, 376, -569, 666, 374, 150, 150, 150
L -569, 666, 374, -582, 663, 374, 150, 150, 150
L -582, 663, 374, -610, 656, 376, 150, 150, 150
L -610, 656, 376, -625, 654, 376, 150, 150, 150
L -625, 654, 376, -669, 668, 384, 150, 150, 150
L -669, 668, 384, -686, 666, 383, 150, 150, 150
L -686, 666, 383, -719, 655, 382, 150, 150, 150
L -719, 655, 382, -724, 636, 378, 150, 150, 150
L -724, 636, 378, -727, 621, 376, 150, 150, 150
L -727, 621, 376, -729, 609, 372, 150, 150, 150
L -729, 609, 372, -731, 589, 363, 150, 150, 150
L -731, 589, 363, -732, 583, 361, 150, 150, 150
L -732, 583, 361, -743, 542, 362, 150, 150, 150
L -743, 542, 362, -790, 537, 361, 150, 150, 150
L -790, 537, 361, -855, 537, 366, 150, 150, 150
L -855, 537, 366, -883, 544, 372, 150, 150, 150
L -883, 544, 372, -949, 560, 395, 150, 150, 150
L -949, 560, 395, -967, 554, 395, 150, 150, 150
L -967, 554, 395, -984, 545, 393, 150, 150, 150
L -984, 545, 393, -992, 534, 393, 150, 150, 150
L -992, 534, 393, -993, 512, 388, 150, 150, 150
L -993, 512, 388, -994, 500, 387, 150, 150, 150
L -994, 500, 387, -1002, 478, 384, 150, 150, 150
L -1002, 478, 384, -1037, 472, 386, 150, 150, 150
L -1037, 472, 386, -1067, 481, 392, 150, 150, 150
L -1067, 481, 392, -1093, 497, 400, 150, 150, 150
L -1093, 497, 400, -1115, 515, 409, 150, 150, 150
L -1115, 515, 409, -1129, 536, 417, 150, 150, 150
L -1129, 536, 417, -1133, 548, 422, 150, 150, 150
L -1133, 548, 422, -1138, 567, 431, 150, 150, 150
L -1138, 567, 431, -1153, 624, 455, 150, 150, 150
L -1153, 624, 455, -1154, 646, 467, 150, 150, 150
L -1154, 646, 467, -1154, 666, 478, 150, 150, 150
L -394, 1710, 714, -412, 1691, 716, 150, 150, 150
L -412, 1691, 716, -418, 1724, 721, 150, 150, 150
L -418, 1724, 721, -419, 1730, 721, 150, 150, 150
L -419, 1730, 721, -423, 1766, 725, 150, 150, 150
L -423, 1766, 725, -421, 1788, 726, 150, 150, 150
L -421, 1788, 726, -426, 1814, 729, 150, 150, 150
L -426, 1814, 729, -435, 1836, 734, 150, 150, 150
L -435, 1836, 734, -447, 1850, 739, 150, 150, 150
L -447, 1850, 739, -476, 1870, 749, 150, 150, 150
L -476, 1870, 749, -540, 1914, 773, 150, 150, 150
L -540, 1914, 773, -558, 1915, 778, 150, 150, 150
L -558, 1915, 778, -583, 1918, 786, 150, 150, 150
L -583, 1918, 786, -621, 1929, 803, 150, 150, 150
L -621, 1929, 803, -634, 1936, 808, 150, 150, 150
L -634, 1936, 808, -646, 1939, 813, 150, 150, 150
L -646, 1939, 813, -657, 1942, 818, 150, 150, 150
L -657, 1942, 818, -677, 1938, 827, 150, 150, 150
L -677, 1938, 827, -702, 1930, 841, 150, 150, 150
L -702, 1930, 841, -716, 1908, 854, 150, 150, 150
L -716, 1908, 854, -726, 1880, 867, 150, 150, 150
L -726, 1880, 867, -737, 1846, 882, 150, 150, 150
L -737, 1846, 882, -731, 1825, 884, 150, 150, 150
L -731, 1825, 884, -708, 1819, 872, 150, 150, 150
L -708, 1819, 872, -678, 1818, 857, 150, 150, 150
L -678, 1818, 857, -651, 1817, 845, 150, 150, 150
L -651, 1817, 845, -637, 1814, 837, 150, 150, 150
L -637, 1814, 837, -614, 1808, 815, 150, 150, 150
L -614, 1808, 815, -589, 1803, 783, 150, 150, 150
L -589, 1803, 783, -554, 1770, 763, 150, 150, 150
L -554, 1770, 763, -511, 1741, 747, 150, 150, 150
L -511, 1741, 747, -506, 1703, 742, 150, 150, 150
L -506, 1703, 742, -498, 1666, 740, 150, 150, 150
L -498, 1666, 740, -496, 1641, 736, 150, 150, 150
L -496, 1641, 736, -494, 1591, 728, 150, 150, 150
L -494, 1591, 728, -492, 1569, 724, 150, 150, 150
L -492, 1569, 724, -491, 1558, 722, 150, 150, 150
L -491, 1558, 722, -488, 1535, 719, 150, 150, 150
L -488, 1535, 719, -488, 1529, 718, 150, 150, 150
L -488, 1529, 718, -487, 1510, 715, 150, 150, 150
L -487, 1510, 715, -489, 1497, 714, 150, 150, 150
L -489, 1497, 714, -503, 1490, 715, 150, 150, 150
L -503, 1490, 715, -513, 1475, 715, 150, 150, 150
L -513, 1475, 715, -522, 1457, 715, 150, 150, 150
L -522, 1457, 715, -539, 1424, 709, 150, 150, 150
L -539, 1424, 709, -544, 1412, 704, 150, 150, 150
L -544, 1412, 704, -580, 1334, 664, 150, 150, 150
L -580, 1334, 664, -582, 1323, 659, 150, 150, 150
L -582, 1323, 659, -585, 1303, 647, 150, 150, 150
L -585, 1303, 647, -583, 1282, 632, 150, 150, 150
L -583, 1282, 632, -583, 1247, 620, 150, 150, 150
L -583, 1247, 620, -591, 1219, 614, 150, 150, 150
L -591, 1219, 614, -605, 1181, 615, 150, 150, 150
L -605, 1181, 615, -613, 1167, 614, 150, 150, 150
L -613, 1167, 614, -622, 1153, 614, 150, 150, 150
L -622, 1153, 614, -641, 1136, 614, 150, 150, 150
L -641, 1136, 614, -653, 1122, 616, 150, 150, 150
L -653, 1122, 616, -669, 1102, 614, 150, 150, 150
L -669, 1102, 614, -680, 1092, 613, 150, 150, 150
L -680, 1092, 613, -689, 1080, 609, 150, 150, 150
L -689, 1080, 609, -707, 1057, 607, 150, 150, 150
L -707, 1057, 607, -735, 1029, 607, 150, 150, 150
L -735, 1029, 607, -760, 1006, 613, 150, 150, 150
L -760, 1006, 613, -773, 985, 614, 150, 150, 150
L -773, 985, 614, -797, 978, 615, 150, 150, 150
L -797, 978, 615, -811, 976, 613, 150, 150, 150
L -811, 976, 613, -841, 968, 608, 150, 150, 150
L -841, 968, 608, -862, 959, 607, 150, 150, 150
L -862, 959, 607, -878, 959, 606, 150, 150, 150
L -878, 959, 606, -898, 960, 607, 150, 150, 150
L -898, 960, 607, -909, 959, 605, 150, 150, 150
L -909, 959, 605, -920, 956, 603, 150, 150, 150
L -920, 956, 603, -943, 946, 605, 150, 150, 150
L -943, 946, 605, -955, 936, 612, 150, 150, 150
L -955, 936, 612, -968, 933, 610, 150, 150, 150
L -968, 933, 610, -988, 930, 608, 150, 150, 150
L -988, 930, 608, -1034, 922, 613, 150, 150, 150
L -1034, 922, 613, -1049, 906, 603, 150, 150, 150
L -1049, 906, 603, -1091, 892, 571, 150, 150, 150
L -1091, 892, 571, -1135, 867, 557, 150, 150, 150
L -1135, 867, 557, -1149, 853, 551, 150, 150, 150
L -1149, 853, 551, -1174, 820, 528, 150, 150, 150
L -1174, 820, 528, -1210, 771, 504, 150, 150, 150
L -1210, 771, 504, -1216, 751, 504, 150, 150, 150
L -1216, 751, 504, -1221, 733, 499, 150, 150, 150
L -1221, 733, 499, -1232, 708, 493, 150, 150, 150
L -1232, 708, 493, -1244, 688, 489, 150, 150, 150
L -1244, 688, 489, -1255, 678, 489, 150, 150, 150
L -1255, 678, 489, -1265, 665, 491, 150, 150, 150
L -1265, 665, 491, -1270, 654, 490, 150, 150, 150
L -1270, 654, 490, -1278, 635, 485, 150, 150, 150
L -1278, 635, 485, -1277, 615, 475, 150, 150, 150
L -1277, 615, 475, -1273, 604, 469, 150, 150, 150
L -1273, 604, 469, -1264, 577, 456, 150, 150, 150
L -1264, 577, 456, -1262, 552, 446, 150, 150, 150
L -1262, 552, 446, -1260, 531, 437, 150, 150, 150
L -1260, 531, 437, -1258, 515, 431, 150, 150, 150
L -1258, 515, 431, -1254, 494, 424, 150, 150, 150
L -1254, 494, 424, -1247, 460, 409, 150, 150, 150
L -1247, 460, 409, -1252, 418, 388, 150, 150, 150
L -1252, 418, 388, -1253, 405, 380, 150, 150, 150
L -1253, 405, 380, -1255, 388, 370, 150, 150, 150
L -1255, 388, 370, -1256, 375, 368, 150, 150, 150
L -1256, 375, 368, -1254, 349, 361, 150, 150, 150
L -1254, 349, 361, -1251, 324, 344, 150, 150, 150
L -1251, 324, 344, -1252, 309, 335, 150, 150, 150
L -1252, 309, 335, -1251, 274, 308, 150, 150, 150
L -1251, 274, 308, -1250, 253, 289, 150, 150, 150
L -1250, 253, 289, -1250, 230, 269, 150, 150, 150
L -1250, 230, 269, -1249, 208, 252, 150, 150, 150
L -1249, 208, 252, -1249, 188, 233, 150, 150, 150
L -1249, 188, 233, -1248, 167, 224, 150, 150, 150
L -1248, 167, 224, -1248, 153, 220, 150, 150, 150
