L 2925.0, 145.0, -135.0, 2922.0, 172.8, -133.5, 0, 0, 255
L 2922.0, 172.8, -133.5, 2918.4, 179.5, -133.4, 0, 0, 255
L 2918.4, 179.5, -133.4, 2928.5, 180.8, -129.6, 0, 0, 255
L 2928.5, 180.8, -129.6, 2929.7, 188.9, -129.7, 0, 0, 255
L 2929.7, 188.9, -129.7, 2923.0, 192.1, -129.3, 0, 0, 255
L 2923.0, 192.1, -129.3, 2916.8, 194.4, -128.8, 0, 0, 255
L 2916.8, 194.4, -128.8, 2912.1, 195.5, -128.3, 0, 0, 255
L 2912.1, 195.5, -128.3, 2904.1, 228.0, -133.5, 0, 0, 255
L 2904.1, 228.0, -133.5, 2883.1, 281.9, -133.5, 0, 0, 255
L 2883.1, 281.9, -133.5, 2859.1, 330.8, -133.5, 0, 0, 255
L 2859.1, 330.8, -133.5, 2834.7, 373.5, -133.4, 0, 0, 255
L 2834.7, 373.5, -133.4, 2818.4, 401.2, -133.5, 0, 0, 255
L 2818.4, 401.2, -133.5, 2763.9, 470.3, -133.4, 0, 0, 255
L 2763.9, 470.3, -133.4, 2727.7, 540.5, -133.4, 0, 0, 255
L 2727.7, 540.5, -133.4, 2731.1, 573.8, -133.4, 0, 0, 255
L 2731.1, 573.8, -133.4, 2726.3, 610.4, -133.4, 0, 0, 255
L 2726.3, 610.4, -133.4, 2739.5, 680.5, -133.3, 0, 0, 255
L 2739.5, 680.5, -133.3, 2766.4, 790.7, -133.4, 0, 0, 255
L 2766.4, 790.7, -133.4, 2773.4, 820.3, -133.2, 0, 0, 255
L 2773.4, 820.3, -133.2, 2821.8, 833.4, -133.5, 0, 0, 255
L 2834.8, 891.4, -133.4, 2892.6, 906.4, -133.2, 0, 0, 255
L 2892.6, 906.4, -133.2, 2908.2, 908.7, -133.6, 0, 0, 255
L 2908.2, 908.7, -133.6, 2943.6, 920.0, -133.3, 0, 0, 255
L 2943.6, 920.0, -133.3, 2975.1, 918.0, -133.0, 0, 0, 255
L 2975.1, 918.0, -133.0, 3006.5, 926.8, -133.4, 0, 0, 255
L 3006.5, 926.8, -133.4, 3045.6, 945.6, -133.9, 0, 0, 255
L 3045.6, 945.6, -133.9, 3068.9, 960.3, -133.4, 0, 0, 255
L 3068.9, 960.3, -133.4, 3097.5, 978.9, -133.8, 0, 0, 255
L 3097.5, 978.9, -133.8, 3114.6, 1002.6, -133.2, 0, 0, 255
L 3114.6, 1002.6, -133.2, 3125.6, 1017.8, -133.2, 0, 0, 255
L 3125.6, 1017.8, -133.2, 3146.1, 1030.2, -133.4, 0, 0, 255
L 3146.1, 1030.2, -133.4, 3165.7, 1048.8, -133.4, 0, 0, 255
L 3165.7, 1048.8, -133.4, 3183.5, 1056.3, -133.3, 0, 0, 255
L 3183.5, 1056.3, -133.3, 3244.4, 1039.5, -133.2, 0, 0, 255
L 3244.4, 1039.5, -133.2, 3254.7, 1040.1, -133.3, 0, 0, 255
L 3254.7, 1040.1, -133.3, 3291.3, 1062.4, -133.6, 0, 0, 255
L 3291.3, 1062.4, -133.6, 3324.5, 1094.0, -133.4, 0, 0, 255
L 3324.5, 1094.0, -133.4, 3327.2, 1098.9, -133.3, 0, 0, 255
L 3327.2, 1098.9, -133.3, 3329.2, 1099.0, -134.0, 0, 0, 255
L 3329.2, 1099.0, -134.0, 3340.9, 1153.8, -133.7, 0, 0, 255
L 3340.9, 1153.8, -133.7, 3348.8, 1172.3, -133.0, 0, 0, 255
L 3348.8, 1172.3, -133.0, 3371.6, 1191.1, -133.1, 0, 0, 255
L 3371.6, 1191.1, -133.1, 3385.2, 1238.9, -133.4, 0, 0, 255
L 3385.2, 1238.9, -133.4, 3388.7, 1248.1, -133.3, 0, 0, 255
L 3388.7, 1248.1, -133.3, 3394.2, 1257.3, -133.3, 0, 0, 255
L 3394.2, 1257.3, -133.3, 3433.8, 1239.5, -133.4, 0, 0, 255
L 3433.8, 1239.5, -133.4, 3465.6, 1216.5, -133.8, 0, 0, 255
L 3465.6, 1216.5, -133.8, 3475.8, 1233.5, -133.7, 0, 0, 255
L 3475.8, 1233.5, -133.7, 3481.1, 1240.7, -133.8, 0, 0, 255
L 3481.1, 1240.7, -133.8, 3463.5, 1263.2, -133.2, 0, 0, 255
L 3463.5, 1263.2, -133.2, 3438.9, 1309.1, -133.2, 0, 0, 255
L 3438.9, 1309.1, -133.2, 3451.0, 1326.1, -133.6, 0, 0, 255
L 3451.0, 1326.1, -133.6, 3461.5, 1382.2, -133.1, 0, 0, 255
L 3461.5, 1382.2, -133.1, 3481.8, 1436.9, -133.8, 0, 0, 255
L 3481.8, 1436.9, -133.8, 3483.2, 1450.1, -133.0, 0, 0, 255
L 3483.2, 1450.1, -133.0, 3468.1, 1520.9, -133.2, 0, 0, 255
L 3468.1, 1520.9, -133.2, 3463.4, 1534.5, -133.1, 0, 0, 255
L 3463.4, 1534.5, -133.1, 3449.5, 1590.5, -133.3, 0, 0, 255
L 3449.5, 1590.5, -133.3, 3395.2, 1643.3, -133.1, 0, 0, 255
L 3395.2, 1643.3, -133.1, 3368.8, 1660.9, -133.3, 0, 0, 255
L 3368.8, 1660.9, -133.3, 3322.6, 1697.6, -134.0, 0, 0, 255
L 3322.6, 1697.6, -134.0, 3254.3, 1739.1, -133.0, 0, 0, 255
L 3254.3, 1739.1, -133.0, 3241.7, 1740.3, -133.7, 0, 0, 255
L 3241.7, 1740.3, -133.7, 3186.3, 1744.4, -133.2, 0, 0, 255
L 3186.3, 1744.4, -133.2, 3165.8, 1749.4, -133.6, 0, 0, 255
L 3165.8, 1749.4, -133.6, 3144.2, 1729.5, -133.1, 0, 0, 255
L 3144.2, 1729.5, -133.1, 3116.7, 1718.1, -133.5, 0, 0, 255
L 3116.7, 1718.1, -133.5, 3042.6, 1744.4, -134.0, 0, 0, 255
L 3042.6, 1744.4, -134.0, 3031.0, 1740.4, -133.1, 0, 0, 255
L 3031.0, 1740.4, -133.1, 2974.4, 1734.9, -133.7, 0, 0, 255
L 2974.4, 1734.9, -133.7, 2954.9, 1750.0, -133.6, 0, 0, 255
L 2954.9, 1750.0, -133.6, 2889.8, 1799.2, -133.2, 0, 0, 255
L 2889.8, 1799.2, -133.2, 2892.1, 1868.5, -133.1, 0, 0, 255
L 2892.1, 1868.5, -133.1, 2916.7, 1926.9, -133.2, 0, 0, 255
L 2916.7, 1926.9, -133.2, 2929.7, 1942.8, -133.8, 0, 0, 255
L 2929.7, 1942.8, -133.8, 2947.2, 1973.3, -133.1, 0, 0, 255
L 2947.2, 1973.3, -133.1, 2977.0, 1996.1, -133.2, 0, 0, 255
L 2977.0, 1996.1, -133.2, 2984.5, 1998.4, -133.1, 0, 0, 255
L 2984.5, 1998.4, -133.1, 2991.6, 2013.3, -133.3, 0, 0, 255
L 2991.6, 2013.3, -133.3, 3005.6, 2047.2, -133.3, 0, 0, 255
L 3001.7, 2080.7, -133.4, 2973.4, 2135.1, -133.3, 0, 0, 255
L 2973.4, 2135.1, -133.3, 2966.4, 2151.5, -133.2, 0, 0, 255
L 2966.4, 2151.5, -133.2, 2957.2, 2167.6, -133.5, 0, 0, 255
L 2957.2, 2167.6, -133.5, 2923.8, 2221.0, -134.0, 0, 0, 255
L 2923.8, 2221.0, -134.0, 2904.3, 2236.5, -132.2, 0, 0, 255
L 2904.3, 2236.5, -132.2, 2877.1, 2247.0, -132.5, 0, 0, 255
L 2877.1, 2247.0, -132.5, 2834.9, 2261.0, -132.6, 0, 0, 255
L 2834.9, 2261.0, -132.6, 2798.6, 2257.3, -133.1, 0, 0, 255
L 2798.6, 2257.3, -133.1, 2775.5, 2221.4, -133.3, 0, 0, 255
L 2775.5, 2221.4, -133.3, 2784.3, 2200.9, -133.4, 0, 0, 255
L 2784.3, 2200.9, -133.4, 2764.5, 2187.4, -133.4, 0, 0, 255
L 2764.5, 2187.4, -133.4, 2739.5, 2175.1, -133.5, 0, 0, 255
L 2739.5, 2175.1, -133.5, 2693.9, 2181.8, -133.3, 0, 0, 255
L 2693.9, 2181.8, -133.3, 2663.6, 2222.3, -133.0, 0, 0, 255
L 2663.6, 2222.3, -133.0, 2641.4, 2300.6, -133.6, 0, 0, 255
L 2641.4, 2300.6, -133.6, 2623.5, 2352.3, -134.0, 0, 0, 255
L 2623.5, 2352.3, -134.0, 2601.6, 2310.6, -133.2, 0, 0, 255
L 2601.6, 2310.6, -133.2, 2556.7, 2305.0, -133.2, 0, 0, 255
L 2556.7, 2305.0, -133.2, 2550.3, 2296.8, -133.5, 0, 0, 255
L 2550.3, 2296.8, -133.5, 2541.4, 2287.9, -133.0, 0, 0, 255
L 2541.3, 2287.8, -133.0, 2483.9, 2231.4, -133.6, 0, 0, 255
L 2483.9, 2231.4, -133.6, 2478.7, 2222.1, -133.0, 0, 0, 255
L 2478.6, 2222.0, -133.0, 2476.0, 2217.3, -133.6, 0, 0, 255
L 2476.0, 2217.3, -133.6, 2452.5, 2149.8, -132.8, 0, 0, 255
L 2452.5, 2149.8, -132.8, 2442.8, 2122.9, -133.3, 0, 0, 255
L 2442.8, 2122.9, -133.3, 2414.4, 2090.4, -132.7, 0, 0, 255
L 2413.3, 2089.2, -132.8, 2407.1, 2082.7, -133.5, 0, 0, 255
L 2407.1, 2082.7, -133.5, 2383.7, 2041.3, -133.1, 0, 0, 255
L 2383.7, 2041.3, -133.1, 2363.1, 2010.7, -133.3, 0, 0, 255
L 2362.1, 2009.0, -133.5, 2357.3, 1997.4, -133.4, 0, 0, 255
L 2357.3, 1997.4, -133.4, 2343.0, 1991.5, -133.5, 0, 0, 255
L 2343.0, 1991.5, -133.5, 2312.7, 1972.2, -133.7, 0, 0, 255
L 2312.7, 1972.2, -133.7, 2276.5, 1972.4, -133.8, 0, 0, 255
L 2276.5, 1972.4, -133.8, 2254.7, 1962.1, -133.2, 0, 0, 255
L 2254.7, 1962.1, -133.2, 2242.2, 1904.9, -133.3, 0, 0, 255
L 2242.2, 1904.9, -133.3, 2195.6, 1898.8, -134.0, 0, 0, 255
L 2195.6, 1898.8, -134.0, 2178.7, 1893.3, -131.6, 0, 0, 255
L 2178.7, 1893.3, -131.6, 2130.5, 1889.8, -134.2, 0, 0, 255
L 2130.5, 1889.8, -134.2, 2122.3, 1885.0, -132.8, 0, 0, 255
L 2122.3, 1885.0, -132.8, 2097.0, 1802.4, -136.3, 0, 0, 255
L 2097.0, 1802.4, -136.3, 2092.8, 1769.1, -134.7, 0, 0, 255
L 2092.8, 1769.1, -134.7, 2050.9, 1742.7, -131.7, 0, 0, 255
L 2050.9, 1742.7, -131.7, 2023.7, 1723.0, -136.6, 0, 0, 255
L 2023.2, 1722.7, -136.6, 2027.1, 1696.4, -125.0, 0, 0, 255
L 2027.1, 1696.4, -125.0, 1992.1, 1693.1, -135.2, 0, 0, 255
L 1992.1, 1693.1, -135.2, 1976.8, 1677.0, -133.6, 0, 0, 255
L 1976.8, 1677.0, -133.6, 1968.0, 1661.0, -133.2, 0, 0, 255
L 1968.0, 1661.0, -133.2, 1962.8, 1620.5, -133.5, 0, 0, 255
L 1962.8, 1620.5, -133.5, 1924.5, 1594.6, -133.8, 0, 0, 255
L 1924.5, 1594.6, -133.8, 1920.4, 1593.5, -133.1, 0, 0, 255
L 1920.4, 1593.5, -133.1, 1911.8, 1589.3, -133.0, 0, 0, 255
L 1911.8, 1589.3, -133.0, 1879.6, 1566.4, -132.4, 0, 0, 255
L 1879.6, 1566.4, -132.4, 1854.4, 1532.6, -132.7, 0, 0, 255
L 1854.4, 1532.6, -132.7, 1849.9, 1527.7, -132.9, 0, 0, 255
L 1849.9, 1527.7, -132.9, 1844.8, 1519.9, -133.5, 0, 0, 255
L 1844.8, 1519.9, -133.5, 1844.8, 1450.8, -133.5, 0, 0, 255
L 1844.8, 1450.8, -133.5, 1828.4, 1401.9, -133.2, 0, 0, 255
L 1828.2, 1401.6, -133.1, 1816.0, 1380.3, -133.0, 0, 0, 255
L 1816.0, 1380.3, -133.0, 1802.7, 1363.2, -133.2, 0, 0, 255
L 1802.6, 1363.1, -133.2, 1784.8, 1353.0, -133.0, 0, 0, 255
L 1784.8, 1353.0, -133.0, 1768.7, 1323.6, -133.1, 0, 0, 255
L 1768.7, 1323.6, -133.1, 1751.7, 1311.3, -133.3, 0, 0, 255
L 1751.7, 1311.3, -133.3, 1733.3, 1282.2, -133.2, 0, 0, 255
L 1733.2, 1282.0, -133.2, 1715.3, 1254.5, -132.7, 0, 0, 255
L 1715.3, 1254.5, -132.7, 1709.0, 1239.7, -133.5, 0, 0, 255
L 1709.0, 1239.7, -133.5, 1710.6, 1172.7, -133.5, 0, 0, 255
L 1710.6, 1172.7, -133.5, 1702.1, 1113.9, -133.3, 0, 0, 255
L 1702.1, 1113.9, -133.3, 1677.2, 1070.8, -132.6, 0, 0, 255
L 1677.2, 1070.8, -132.6, 1665.5, 1034.1, -133.7, 0, 0, 255
L 1665.5, 1034.1, -133.7, 1656.8, 1021.1, -133.4, 0, 0, 255
L 1656.8, 1021.1, -133.4, 1644.2, 1018.3, -133.1, 0, 0, 255
L 1644.2, 1018.3, -133.1, 1575.8, 995.2, -133.5, 0, 0, 255
L 1575.7, 995.1, -133.5, 1552.8, 977.7, -135.9, 0, 0, 255
L 1552.8, 977.7, -135.9, 1556.0, 956.9, -133.6, 0, 0, 255
L 1556.0, 956.9, -133.6, 1566.0, 889.5, -133.3, 0, 0, 255
L 1566.0, 889.5, -133.3, 1579.1, 847.2, -132.6, 0, 0, 255
L 1579.1, 847.2, -132.6, 1586.7, 816.7, -132.5, 0, 0, 255
L 1586.7, 816.7, -132.5, 1585.1, 807.6, -136.3, 0, 0, 255
L 1585.0, 807.6, -136.3, 1595.5, 748.1, -136.3, 0, 0, 255
L 1595.5, 747.9, -136.2, 1593.0, 728.5, -133.9, 0, 0, 255
L 1593.0, 728.5, -133.9, 1572.8, 702.6, -133.9, 0, 0, 255
L 1572.6, 702.4, -133.9, 1563.8, 694.5, -133.9, 0, 0, 255
L 1563.8, 694.5, -133.9, 1522.8, 681.8, -133.6, 0, 0, 255
L 1522.8, 681.8, -133.6, 1510.3, 677.0, -133.6, 0, 0, 255
L 1510.3, 677.0, -133.6, 1505.9, 671.3, -133.3, 0, 0, 255
L 1505.9, 671.3, -133.3, 1459.8, 659.0, -133.5, 0, 0, 255
L 1459.8, 659.0, -133.5, 1438.6, 652.4, -133.6, 0, 0, 255
L 1438.6, 652.4, -133.6, 1414.2, 628.2, -133.6, 0, 0, 255
L 1414.1, 628.1, -133.5, 1379.3, 612.5, -133.8, 0, 0, 255
L 1378.9, 612.4, -133.8, 1375.9, 597.1, -133.4, 0, 0, 255
L 1375.9, 597.1, -133.4, 1362.6, 564.4, -133.2, 0, 0, 255
L 1362.6, 564.4, -133.2, 1351.5, 544.6, -133.4, 0, 0, 255
L 1351.5, 544.6, -133.4, 1348.1, 538.9, -133.5, 0, 0, 255
L 1348.1, 538.9, -133.5, 1338.9, 492.8, -133.6, 0, 0, 255
L 1338.9, 492.6, -133.6, 1333.2, 469.2, -133.5, 0, 0, 255
L 1333.2, 469.2, -133.5, 1329.7, 438.0, -133.5, 0, 0, 255
L 1329.7, 438.0, -133.5, 1329.2, 399.3, -133.5, 0, 0, 255
L 1329.2, 399.3, -133.5, 1326.3, 365.0, -133.3, 0, 0, 255
L 1326.3, 365.0, -133.3, 1329.0, 328.9, -133.7, 0, 0, 255
L 1329.0, 328.9, -133.7, 1322.0, 306.6, -133.3, 0, 0, 255
L 1322.0, 306.6, -133.3, 1321.3, 255.5, -133.6, 0, 0, 255
L 1321.3, 255.5, -133.6, 1323.7, 231.0, -133.4, 0, 0, 255
L 1323.7, 231.0, -133.4, 1343.3, 191.3, -132.7, 0, 0, 255
L 1343.3, 191.3, -132.7, 1365.4, 164.4, -132.8, 0, 0, 255
L 1365.4, 164.4, -132.8, 1384.1, 121.0, -130.7, 0, 0, 255
L 1384.8, 120.5, -130.8, 1363.4, 112.0, -136.3, 0, 0, 255
L 1363.4, 112.0, -136.3, 1346.2, 86.2, -134.6, 0, 0, 255
L 1346.2, 86.2, -134.6, 1326.5, 77.5, -134.5, 0, 0, 255
L 1326.5, 77.5, -134.5, 1291.7, 57.2, -133.0, 0, 0, 255
L 1291.7, 57.2, -133.0, 1262.9, 49.0, -134.2, 0, 0, 255
L 1262.9, 49.0, -134.2, 1234.1, 41.5, -133.3, 0, 0, 255
L 1234.1, 41.5, -133.3, 1224.4, 22.1, -133.0, 0, 0, 255
L 1224.4, 22.1, -133.0, 1181.0, -3.5, -133.7, 0, 0, 255
L 1181.0, -3.5, -133.7, 1150.0, -27.6, -133.4, 0, 0, 255
L 1150.0, -27.6, -133.4, 1119.7, -51.2, -132.8, 0, 0, 255
L 1119.7, -51.2, -132.8, 1087.1, -87.6, -133.3, 0, 0, 255
L 1087.1, -87.6, -133.3, 1066.6, -133.8, -133.0, 0, 0, 255
L 1066.6, -133.8, -133.0, 1068.3, -163.2, -133.4, 0, 0, 255
L 1068.3, -163.2, -133.4, 1066.3, -173.7, -133.9, 0, 0, 255
L 1066.3, -173.7, -133.9, 1052.8, -197.9, -134.6, 0, 0, 255
L 1052.8, -197.9, -134.6, 1019.2, -193.3, -133.3, 0, 0, 255
L 1019.2, -193.3, -133.3, 987.9, -200.2, -133.5, 0, 0, 255
L 987.9, -200.2, -133.5, 947.9, -203.4, -133.7, 0, 0, 255
L 947.9, -203.4, -133.7, 925.6, -203.4, -132.9, 0, 0, 255
L 925.6, -203.4, -132.9, 867.4, -206.0, -134.9, 0, 0, 255
L 867.4, -206.0, -134.9, 874.0, -233.2, -131.4, 0, 0, 255
L 874.0, -233.2, -131.4, 872.0, -284.1, -133.6, 0, 0, 255
L 872.0, -284.1, -133.6, 872.8, -300.5, -132.9, 0, 0, 255
L 872.8, -300.5, -132.9, 863.5, -344.2, -133.3, 0, 0, 255
L 863.5, -344.2, -133.3, 833.6, -347.6, -133.4, 0, 0, 255
L 833.6, -347.6, -133.4, 819.8, -348.4, -131.4, 0, 0, 255
L 819.8, -348.4, -131.4, 817.2, -366.5, -130.3, 0, 0, 255
L 817.2, -366.5, -130.3, 817.5, -373.4, -131.1, 0, 0, 255
L 817.5, -373.4, -131.1, 820.5, -388.7, -132.6, 0, 0, 255
L 820.5, -388.7, -132.6, 826.7, -413.1, -134.6, 0, 0, 255
L 826.7, -413.1, -134.6, 837.7, -435.8, -132.6, 0, 0, 255
L 837.7, -435.8, -132.6, 833.3, -453.9, -130.5, 0, 0, 255
L 833.3, -453.9, -130.5, 813.7, -496.0, -135.8, 0, 0, 255
L 813.5, -495.7, -136.3, 807.9, -490.7, -136.3, 0, 0, 255
L 807.9, -490.7, -136.3, 795.4, -485.3, -136.2, 0, 0, 255
L 795.3, -485.2, -136.2, 790.7, -484.5, -136.2, 0, 0, 255
L 790.7, -484.5, -136.2, 783.2, -484.0, -136.3, 0, 0, 255
L 783.2, -484.0, -136.3, 771.8, -498.3, -135.7, 0, 0, 255
L 771.8, -498.3, -135.7, 773.5, -487.4, -136.3, 0, 0, 255
L 773.5, -487.4, -136.3, 768.7, -478.5, -135.9, 0, 0, 255
L 768.7, -478.5, -135.9, 758.6, -464.0, -136.4, 0, 0, 255
L 758.6, -464.0, -136.4, 758.8, -455.2, -136.4, 0, 0, 255
L 758.8, -455.2, -136.4, 758.5, -450.0, -136.3, 0, 0, 255
L 758.5, -450.0, -136.3, 729.2, -440.3, -133.8, 0, 0, 255
L 729.2, -440.3, -133.8, 724.4, -441.6, -136.4, 0, 0, 255
L 724.4, -441.6, -136.4, 720.9, -452.1, -135.2, 0, 0, 255
L 720.9, -452.1, -135.2, 715.3, -463.2, -132.9, 0, 0, 255
L 715.3, -463.2, -132.9, 709.6, -468.0, -133.6, 0, 0, 255
L 709.6, -468.0, -133.6, 705.4, -466.5, -133.8, 0, 0, 255
L 705.4, -466.5, -133.8, 688.7, -465.8, -135.4, 0, 0, 255
L 688.7, -465.8, -135.4, 683.0, -462.2, -135.6, 0, 0, 255
L 683.0, -462.2, -135.6, 652.9, -452.3, -131.5, 0, 0, 255
L 652.9, -452.3, -131.5, 644.7, -441.3, -130.5, 0, 0, 255
L 644.7, -441.3, -130.5, 633.5, -436.0, -129.7, 0, 0, 255
L 633.5, -436.0, -129.7, 617.7, -443.5, -130.0, 0, 0, 255
L 617.7, -443.5, -130.0, 611.6, -453.0, -131.0, 0, 0, 255
L 611.6, -453.0, -131.0, 613.2, -463.4, -131.1, 0, 0, 255
L 613.2, -463.4, -131.1, 616.8, -465.3, -131.7, 0, 0, 255
L 616.8, -465.3, -131.7, 627.6, -469.2, -133.0, 0, 0, 255
L 627.6, -469.2, -133.0, 644.5, -472.7, -132.8, 0, 0, 255
L 644.5, -472.7, -132.8, 638.6, -476.1, -136.3, 0, 0, 255
L 638.6, -476.1, -136.3, 622.6, -481.8, -136.2, 0, 0, 255
L 622.6, -481.8, -136.2, 618.2, -484.5, -136.3, 0, 0, 255
L 618.2, -484.5, -136.3, 603.2, -492.8, -136.4, 0, 0, 255
L 603.2, -492.8, -136.4, 602.8, -489.1, -136.7, 0, 0, 255
L 602.8, -489.1, -136.7, 580.2, -492.9, -135.9, 0, 0, 255
L 580.2, -492.9, -135.9, 560.7, -491.8, -125.0, 0, 0, 255
L 560.3, -492.0, -124.8, 558.6, -377.9, -134.5, 0, 0, 255
L -2347.4, 3248.0, 659.7, -2345.8, 3246.9, 660.0, 0, 0, 0
L 3481.7, -1743.1, -116.9, 3470.8, -1753.6, -116.9, 0, 0, 0
L 3470.8, -1753.6, -116.9, 3452.4, -1760.7, -116.9, 0, 0, 0
L 3452.4, -1760.7, -116.9, 3432.6, -1760.3, -116.9, 0, 0, 0
L 3432.6, -1760.3, -116.9, 3414.5, -1752.3, -116.9, 0, 0, 0
L 3414.5, -1752.3, -116.9, 3400.8, -1738.0, -118.2, 0, 0, 0
L 3400.8, -1738.0, -118.2, 3393.6, -1719.6, -118.2, 0, 0, 0
L 3393.6, -1719.6, -118.2, 3394.1, -1699.8, -118.2, 0, 0, 0
L 3394.1, -1699.8, -118.2, 3402.0, -1681.7, -118.2, 0, 0, 0
L 3402.0, -1681.7, -118.2, 3416.3, -1668.0, -118.2, 0, 0, 0
L 3416.3, -1668.0, -118.2, 3434.8, -1660.9, -118.2, 0, 0, 0
L 3434.8, -1660.9, -118.2, 3454.5, -1661.3, -118.2, 0, 0, 0
L 3454.5, -1661.3, -118.2, 3472.6, -1669.3, -118.2, 0, 0, 0
L 3472.6, -1669.3, -118.2, 3486.3, -1683.6, -118.2, 0, 0, 0
L 3486.3, -1683.6, -118.2, 3493.5, -1702.0, -118.2, 0, 0, 0
L 3493.5, -1702.0, -118.2, 3493.3, -1709.5, -118.2, 0, 0, 0
L 3493.3, -1709.5, -118.2, 3495.7, -1712.0, -120.8, 0, 0, 0
L 3454.2, -1815.9, -116.5, 3464.5, -1873.8, -91.3, 0, 0, 0
L 3464.5, -1873.8, -91.3, 3466.4, -1884.5, -91.3, 0, 0, 0
L 3466.4, -1884.5, -91.3, 3446.7, -1888.0, -91.3, 0, 0, 0
L 3446.7, -1888.0, -91.3, 3448.1, -1895.7, -90.5, 0, 0, 0
L 3482.2, -1934.8, -87.4, 3489.5, -1953.9, -86.4, 0, 0, 0
L 3489.5, -1953.9, -86.4, 3498.0, -1973.3, -84.7, 0, 0, 0
L 3498.0, -1973.3, -84.7, 3512.0, -2000.3, -80.1, 0, 0, 0
L 3512.0, -2000.3, -80.1, 3523.2, -2028.9, -72.1, 0, 0, 0
L 3523.2, -2028.9, -72.1, 3545.2, -2051.1, -59.1, 0, 0, 0
L 3545.2, -2051.1, -59.1, 3564.4, -2061.1, -49.6, 0, 0, 0
L 3564.4, -2061.1, -49.6, 3592.4, -2052.4, -48.9, 0, 0, 0
L 3592.4, -2052.4, -49.1, 3599.2, -2034.4, -57.8, 0, 0, 0
L 3599.2, -2034.4, -57.8, 3644.9, -2074.1, -28.9, 0, 0, 0
L 764.0, -585.0, -102.0, 791.0, -584.0, -96.0, 0, 0, 0
L 791.0, -584.0, -96.0, 802.0, -578.0, -100.0, 0, 0, 0
L 802.0, -578.0, -100.0, 834.0, -574.0, -97.0, 0, 0, 0
L 834.0, -574.0, -97.0, 846.0, -574.0, -97.0, 0, 0, 0
L 846.0, -574.0, -97.0, 911.0, -567.0, -97.0, 0, 0, 0
L 911.0, -567.0, -97.0, 910.0, -561.0, -97.0, 0, 0, 0
L 910.0, -561.0, -97.0, 908.0, -542.0, -97.0, 0, 0, 0
L 908.0, -542.0, -97.0, 906.0, -519.0, -97.0, 0, 0, 0
L 906.0, -519.0, -97.0, 905.0, -506.0, -97.0, 0, 0, 0
L 905.0, -506.0, -97.0, 909.0, -476.0, -98.0, 0, 0, 0
L 909.0, -476.0, -98.0, 911.0, -460.0, -99.0, 0, 0, 0
L 911.0, -460.0, -99.0, 925.0, -437.0, -100.0, 0, 0, 0
L 925.0, -437.0, -100.0, 976.0, -438.0, -98.0, 0, 0, 0
L 976.0, -438.0, -98.0, 988.0, -439.0, -89.0, 0, 0, 0
L 988.0, -439.0, -89.0, 1005.0, -438.0, -100.0, 0, 0, 0
L 1005.0, -438.0, -100.0, 1025.0, -438.0, -103.0, 0, 0, 0
L 1025.0, -438.0, -103.0, 1055.0, -438.0, -107.0, 0, 0, 0
L 1055.0, -438.0, -107.0, 1077.0, -437.0, -111.0, 0, 0, 0
L 1077.0, -437.0, -111.0, 1078.0, -360.0, -114.0, 0, 0, 0
L 1078.0, -360.0, -114.0, 1071.0, -345.0, -112.0, 0, 0, 0
L 1071.0, -345.0, -112.0, 1041.0, -345.0, -109.0, 0, 0, 0
L 1041.0, -345.0, -109.0, 1021.0, -344.0, -106.0, 0, 0, 0
L 1021.0, -344.0, -106.0, 1012.0, -318.0, -105.0, 0, 0, 0
L 1012.0, -318.0, -105.0, 1012.0, -300.0, -105.0, 0, 0, 0
L 1012.0, -300.0, -105.0, 1015.0, -289.0, -106.0, 0, 0, 0
L 1015.0, -289.0, -106.0, 1017.0, -259.0, -107.0, 0, 0, 0
L 1017.0, -259.0, -107.0, 1024.0, -247.0, -108.0, 0, 0, 0
L 1024.0, -247.0, -108.0, 1033.0, -231.0, -111.0, 0, 0, 0
L 1033.0, -231.0, -111.0, 1040.0, -218.0, -118.0, 0, 0, 0
L 1040.0, -218.0, -118.0, 1052.8, -197.9, -134.6, 0, 0, 0
L 1066.3, -173.7, -133.9, 1101.0, -164.0, -117.0, 0, 0, 0
L 1101.0, -164.0, -117.0, 1107.0, -163.0, -114.0, 0, 0, 0
L 1107.0, -163.0, -114.0, 1125.0, -142.0, -107.0, 0, 0, 0
L 1125.0, -142.0, -107.0, 1145.0, -134.0, -100.0, 0, 0, 0
L 1145.0, -134.0, -100.0, 1169.0, -143.0, -84.0, 0, 0, 0
L 1169.0, -143.0, -84.0, 1192.0, -146.0, -67.0, 0, 0, 0
L 1192.0, -146.0, -67.0, 1205.0, -139.0, -60.0, 0, 0, 0
L 1205.0, -139.0, -60.0, 1205.0, -161.0, -55.0, 0, 0, 0
L 1205.0, -161.0, -55.0, 1203.0, -175.0, -53.0, 0, 0, 0
L 1203.0, -175.0, -53.0, 1198.0, -187.0, -54.0, 0, 0, 0
L 1198.0, -187.0, -54.0, 1198.0, -228.0, -50.0, 0, 0, 0
L 1198.0, -228.0, -50.0, 1224.0, -223.0, -28.0, 0, 0, 0
L 1224.0, -223.0, -28.0, 1224.0, -154.0, -42.0, 0, 0, 0
L 1224.0, -154.0, -42.0, 1253.0, -158.0, -34.0, 0, 0, 0
L 1253.0, -158.0, -34.0, 1302.0, -154.0, -20.0, 0, 0, 0
L 1302.0, -154.0, -20.0, 1323.0, -147.0, -29.0, 0, 0, 0
L 1323.0, -147.0, -29.0, 1323.0, -159.0, -22.0, 0, 0, 0
L 1323.0, -159.0, -22.0, 1335.0, -159.0, -20.0, 0, 0, 0
L 1335.0, -159.0, -20.0, 1355.0, -160.0, -16.0, 0, 0, 0
L 1355.0, -160.0, -16.0, 1364.0, -145.0, -29.0, 0, 0, 0
L 1364.0, -145.0, -29.0, 1365.0, -124.0, -36.0, 0, 0, 0
L 1365.0, -124.0, -36.0, 1366.0, -112.0, -40.0, 0, 0, 0
L 1366.0, -112.0, -40.0, 1367.0, -91.0, -49.0, 0, 0, 0
L 1367.0, -91.0, -49.0, 1364.0, -71.0, -59.0, 0, 0, 0
L 1364.0, -71.0, -59.0, 1364.0, -18.0, -44.0, 0, 0, 0
L 1364.0, -18.0, -44.0, 1368.0, -2.0, -45.0, 0, 0, 0
L 1368.0, -2.0, -45.0, 1372.0, 13.0, -46.0, 0, 0, 0
L 1372.0, 13.0, -46.0, 1373.0, 50.0, -55.0, 0, 0, 0
L 1373.0, 50.0, -55.0, 1372.0, 68.0, -76.0, 0, 0, 0
L 1372.0, 68.0, -76.0, 1374.0, 83.0, -85.0, 0, 0, 0
L 1374.0, 83.0, -85.0, 1378.0, 104.0, -90.0, 0, 0, 0
L 1378.0, 104.0, -90.0, 1385.0, 128.0, -126.0, 0, 0, 0
L 1385.0, 128.0, -126.0, 1394.0, 140.0, -104.0, 0, 0, 0
L 1394.0, 140.0, -104.0, 1399.0, 150.0, -90.0, 0, 0, 0
L 1399.0, 150.0, -90.0, 1407.0, 165.0, -88.0, 0, 0, 0
L 1407.0, 165.0, -88.0, 1408.0, 154.0, -82.0, 0, 0, 0
L 1408.0, 154.0, -82.0, 1408.0, 140.0, -78.0, 0, 0, 0
L 1408.0, 140.0, -78.0, 1415.0, 121.0, -82.0, 0, 0, 0
L 1415.0, 121.0, -82.0, 1429.0, 121.0, -60.0, 0, 0, 0
L 1429.0, 121.0, -60.0, 1444.0, 122.0, -56.0, 0, 0, 0
L 1444.0, 122.0, -56.0, 1466.0, 120.0, -59.0, 0, 0, 0
L 1466.0, 120.0, -59.0, 1501.0, 120.0, -68.0, 0, 0, 0
L 1501.0, 120.0, -68.0, 1531.0, 120.0, -71.0, 0, 0, 0
L 1531.0, 120.0, -71.0, 1560.0, 120.0, -73.0, 0, 0, 0
L 1560.0, 120.0, -73.0, 1645.0, 120.0, -70.0, 0, 0, 0
L 1645.0, 120.0, -70.0, 1682.0, 120.0, -67.0, 0, 0, 0
L 1682.0, 120.0, -67.0, 1712.0, 120.0, -65.0, 0, 0, 0
L 1712.0, 120.0, -65.0, 1741.0, 120.0, -64.0, 0, 0, 0
L 1741.0, 120.0, -64.0, 1761.0, 120.0, -63.0, 0, 0, 0
L 1761.0, 120.0, -63.0, 1786.0, 120.0, -63.0, 0, 0, 0
L 1786.0, 120.0, -63.0, 1800.0, 123.0, -62.0, 0, 0, 0
L 1800.0, 123.0, -62.0, 1833.0, 108.0, -60.0, 0, 0, 0
L 1833.0, 108.0, -60.0, 1836.0, 106.0, -60.0, 0, 0, 0
L 1836.0, 106.0, -60.0, 1851.0, 91.0, -60.0, 0, 0, 0
L 1851.0, 91.0, -60.0, 1843.0, 62.0, -61.0, 0, 0, 0
L 1843.0, 62.0, -61.0, 1854.0, 51.0, -61.0, 0, 0, 0
L 1854.0, 51.0, -61.0, 1854.0, 34.0, -60.0, 0, 0, 0
L 1854.0, 34.0, -60.0, 1854.0, -19.0, -57.0, 0, 0, 0
L 1854.0, -19.0, -57.0, 1851.0, -26.0, -46.0, 0, 0, 0
L 1851.0, -26.0, -46.0, 1853.0, -45.0, -42.0, 0, 0, 0
L 1853.0, -45.0, -42.0, 1852.0, -58.0, -38.0, 0, 0, 0
L 1852.0, -58.0, -38.0, 1849.0, -71.0, -41.0, 0, 0, 0
L 1849.0, -71.0, -41.0, 1855.0, -97.0, -52.0, 0, 0, 0
L 1855.0, -97.0, -52.0, 1854.0, -126.0, -57.0, 0, 0, 0
L 1854.0, -126.0, -57.0, 1867.0, -132.0, -56.0, 0, 0, 0
L 1867.0, -132.0, -56.0, 1891.0, -141.0, -58.0, 0, 0, 0
L 1891.0, -141.0, -58.0, 1887.0, -164.0, -58.0, 0, 0, 0
L 1887.0, -164.0, -58.0, 1859.0, -189.0, -57.0, 0, 0, 0
L 1859.0, -189.0, -57.0, 1880.0, -190.0, -56.0, 0, 0, 0
L 1880.0, -190.0, -56.0, 1899.0, -195.0, -55.0, 0, 0, 0
L 1899.0, -195.0, -55.0, 1919.0, -202.0, -54.0, 0, 0, 0
L 1919.0, -202.0, -54.0, 1909.0, -224.0, -40.0, 0, 0, 0
L 1909.0, -224.0, -40.0, 1895.0, -255.0, -41.0, 0, 0, 0
L 1895.0, -255.0, -41.0, 1879.0, -269.0, -50.0, 0, 0, 0
L 1879.0, -269.0, -50.0, 1854.0, -285.0, -49.0, 0, 0, 0
L 1854.0, -285.0, -49.0, 1856.0, -445.0, 34.0, 0, 0, 0
L 1856.0, -445.0, 34.0, 1870.0, -491.0, 68.0, 0, 0, 0
L 1870.0, -491.0, 68.0, 1874.0, -535.0, 100.0, 0, 0, 0
L 1874.0, -535.0, 100.0, 1866.0, -552.0, 115.0, 0, 0, 0
L 1866.0, -552.0, 115.0, 1853.0, -568.0, 137.0, 150, 150, 150
L 1853.0, -568.0, 137.0, 1842.0, -581.0, 161.0, 150, 150, 150
L 1842.0, -581.0, 161.0, 1824.0, -593.0, 193.0, 150, 150, 150
L 1824.0, -593.0, 193.0, 1815.0, -599.0, 209.0, 150, 150, 150
L 1815.0, -599.0, 209.0, 1806.0, -606.0, 225.0, 150, 150, 150
L 1806.0, -606.0, 225.0, 1778.0, -617.0, 256.0, 150, 150, 150
L 1778.0, -617.0, 256.0, 1714.0, -631.0, 299.0, 150, 150, 150
L 1714.0, -631.0, 299.0, 1706.0, -662.0, 315.0, 150, 150, 150
L 1706.0, -662.0, 315.0, 1702.0, -698.0, 321.0, 150, 150, 150
L 1702.0, -698.0, 321.0, 1702.0, -727.0, 323.0, 150, 150, 150
L 1702.0, -727.0, 323.0, 1706.0, -753.0, 326.0, 150, 150, 150
L 1706.0, -753.0, 326.0, 1709.0, -805.0, 336.0, 150, 150, 150
L 1709.0, -805.0, 336.0, 1712.0, -827.0, 344.0, 150, 150, 150
L 1712.0, -827.0, 344.0, 1716.0, -854.0, 355.0, 150, 150, 150
L 1716.0, -854.0, 355.0, 1710.0, -871.0, 362.0, 150, 150, 150
L 1710.0, -871.0, 362.0, 1688.0, -866.0, 369.0, 150, 150, 150
L 1688.0, -866.0, 369.0, 1669.0, -859.0, 391.0, 150, 150, 150
L 1669.0, -859.0, 391.0, 1659.0, -853.0, 414.0, 150, 150, 150
L 1659.0, -853.0, 414.0, 1643.0, -844.0, 451.0, 150, 150, 150
L 1643.0, -844.0, 451.0, 1619.0, -844.0, 465.0, 150, 150, 150
L 1619.0, -844.0, 465.0, 1601.0, -845.0, 473.0, 150, 150, 150
L 1601.0, -845.0, 473.0, 1585.0, -847.0, 477.0, 150, 150, 150
L 1585.0, -847.0, 477.0, 1574.0, -851.0, 481.0, 150, 150, 150
L 1574.0, -851.0, 481.0, 1542.0, -859.0, 485.0, 150, 150, 150
L 1542.0, -859.0, 485.0, 1527.0, -861.0, 490.0, 150, 150, 150
L 1527.0, -861.0, 490.0, 1511.0, -860.0, 502.0, 150, 150, 150
L 1511.0, -860.0, 502.0, 1482.0, -853.0, 527.0, 150, 150, 150
L 1482.0, -853.0, 527.0, 1461.0, -847.0, 545.0, 150, 150, 150
L 1461.0, -847.0, 545.0, 1422.0, -837.0, 569.0, 150, 150, 150
L 1422.0, -837.0, 569.0, 1376.0, -825.0, 588.0, 150, 150, 150
L 1376.0, -825.0, 588.0, 1364.0, -820.0, 596.0, 150, 150, 150
L 1364.0, -820.0, 596.0, 1295.0, -787.0, 640.0, 150, 150, 150
L 1295.0, -787.0, 640.0, 1258.0, -770.0, 647.0, 150, 150, 150
L 1258.0, -770.0, 647.0, 1209.0, -750.0, 647.0, 150, 150, 150
L 1209.0, -750.0, 647.0, 1166.0, -729.0, 622.0, 150, 150, 150
L 1166.0, -729.0, 622.0, 1138.0, -715.0, 608.0, 150, 150, 150
L 1138.0, -715.0, 608.0, 1109.0, -694.0, 606.0, 150, 150, 150
L 1109.0, -694.0, 606.0, 1087.0, -673.0, 611.0, 150, 150, 150
L 1087.0, -673.0, 611.0, 1070.0, -640.0, 619.0, 150, 150, 150
L 1070.0, -640.0, 619.0, 1105.0, -596.0, 626.0, 150, 150, 150
L 1105.0, -596.0, 626.0, 1116.0, -594.0, 625.0, 150, 150, 150
L 1116.0, -594.0, 625.0, 1158.0, -580.0, 626.0, 150, 150, 150
L 1158.0, -580.0, 626.0, 1179.0, -558.0, 607.0, 150, 150, 150
L 1179.0, -558.0, 607.0, 1190.0, -546.0, 594.0, 150, 150, 150
L 1190.0, -546.0, 594.0, 1190.0, -529.0, 591.0, 150, 150, 150
L 1190.0, -529.0, 591.0, 1183.0, -509.0, 570.0, 150, 150, 150
L 1183.0, -509.0, 570.0, 1175.0, -490.0, 552.0, 150, 150, 150
L 1175.0, -490.0, 552.0, 1172.0, -479.0, 543.0, 150, 150, 150
L 1172.0, -479.0, 543.0, 1167.0, -433.0, 527.0, 150, 150, 150
L 1167.0, -433.0, 527.0, 1167.0, -426.0, 525.0, 150, 150, 150
L 1167.0, -426.0, 525.0, 1167.0, -364.0, 514.0, 150, 150, 150
L 1167.0, -364.0, 514.0, 1175.0, -333.0, 513.0, 150, 150, 150
L 1175.0, -333.0, 513.0, 1181.0, -322.0, 516.0, 150, 150, 150
L 1181.0, -322.0, 516.0, 1192.0, -312.0, 504.0, 150, 150, 150
L 1192.0, -312.0, 504.0, 1211.0, -312.0, 512.0, 150, 150, 150
L 1211.0, -312.0, 512.0, 1221.0, -321.0, 532.0, 150, 150, 150
L 1221.0, -321.0, 532.0, 1233.0, -324.0, 546.0, 150, 150, 150
L 1233.0, -324.0, 546.0, 1243.0, -328.0, 560.0, 150, 150, 150
L 1243.0, -328.0, 560.0, 1255.0, -329.0, 570.0, 150, 150, 150
L 1255.0, -329.0, 570.0, 1278.0, -327.0, 566.0, 150, 150, 150
L 1278.0, -327.0, 566.0, 1307.0, -331.0, 571.0, 150, 150, 150
L 1307.0, -331.0, 571.0, 1345.0, -340.0, 576.0, 150, 150, 150
L 1345.0, -340.0, 576.0, 1367.0, -345.0, 576.0, 150, 150, 150
L 1367.0, -345.0, 576.0, 1396.0, -344.0, 581.0, 150, 150, 150
L 1396.0, -344.0, 581.0, 1412.0, -344.0, 584.0, 150, 150, 150
L 1412.0, -344.0, 584.0, 1432.0, -341.0, 591.0, 150, 150, 150
L 1432.0, -341.0, 591.0, 1448.0, -340.0, 573.0, 150, 150, 150
L 1448.0, -340.0, 573.0, 1468.0, -352.0, 577.0, 150, 150, 150
L 1468.0, -352.0, 577.0, 1497.0, -372.0, 587.0, 150, 150, 150
L 1497.0, -372.0, 587.0, 1507.0, -393.0, 606.0, 150, 150, 150
L 1507.0, -393.0, 606.0, 1511.0, -402.0, 617.0, 150, 150, 150
L 1511.0, -402.0, 617.0, 1517.0, -414.0, 630.0, 150, 150, 150
L 1517.0, -414.0, 630.0, 1527.0, -433.0, 651.0, 150, 150, 150
L 1527.0, -433.0, 651.0, 1532.0, -444.0, 659.0, 150, 150, 150
L 1532.0, -444.0, 659.0, 1533.0, -457.0, 665.0, 150, 150, 150
L 1533.0, -457.0, 665.0, 1531.0, -469.0, 673.0, 150, 150, 150
L 1531.0, -469.0, 673.0, 1526.0, -481.0, 690.0, 150, 150, 150
L 1526.0, -481.0, 690.0, 1519.0, -489.0, 704.0, 150, 150, 150
L 1519.0, -489.0, 704.0, 1506.0, -504.0, 732.0, 150, 150, 150
L 1506.0, -504.0, 732.0, 1500.0, -514.0, 744.0, 150, 150, 150
L 1500.0, -514.0, 744.0, 1500.0, -537.0, 760.0, 150, 150, 150
L 1500.0, -537.0, 760.0, 1501.0, -557.0, 774.0, 150, 150, 150
L 1501.0, -557.0, 774.0, 1501.0, -581.0, 791.0, 150, 150, 150
L 1501.0, -581.0, 791.0, 1502.0, -602.0, 805.0, 150, 150, 150
L 1502.0, -602.0, 805.0, 1503.0, -626.0, 822.0, 150, 150, 150
L 1503.0, -626.0, 822.0, 1503.0, -649.0, 838.0, 150, 150, 150
L 792.0, -680.0, 282.0, 780.0, -703.0, 275.0, 0, 0, 255
L 780.0, -703.0, 275.0, 780.0, -711.0, 276.0, 0, 0, 255
L 780.0, -711.0, 276.0, 783.0, -735.0, 275.0, 0, 0, 255
L 783.0, -735.0, 275.0, 788.0, -755.0, 276.0, 0, 0, 255
L 788.0, -755.0, 276.0, 792.0, -783.0, 275.0, 0, 0, 255
L 792.0, -783.0, 275.0, 794.0, -798.0, 275.0, 0, 0, 255
L 794.0, -798.0, 275.0, 799.0, -819.0, 275.0, 0, 0, 255
L 799.0, -819.0, 275.0, 807.0, -849.0, 275.0, 0, 0, 255
L 807.0, -849.0, 275.0, 777.0, -881.0, 274.0, 0, 0, 255
L 777.0, -881.0, 274.0, 766.0, -894.0, 271.0, 0, 0, 255
L 766.0, -894.0, 271.0, 775.0, -909.0, 277.0, 0, 0, 255
L 775.0, -909.0, 277.0, 770.0, -938.0, 276.0, 0, 0, 255
L 770.0, -938.0, 276.0, 755.0, -948.0, 274.0, 0, 0, 255
L 755.0, -948.0, 274.0, 732.0, -953.0, 276.0, 0, 0, 255
L 732.0, -953.0, 276.0, 726.0, -986.0, 276.0, 0, 0, 255
L 726.0, -986.0, 276.0, 725.0, -999.0, 274.0, 0, 0, 255
L 725.0, -999.0, 274.0, 715.0, -1027.0, 276.0, 0, 0, 255
L 715.0, -1027.0, 276.0, 688.0, -1039.0, 274.0, 0, 0, 255
L 688.0, -1039.0, 274.0, 682.0, -1065.0, 275.0, 0, 0, 255
L 682.0, -1065.0, 275.0, 677.0, -1076.0, 274.0, 0, 0, 255
L 677.0, -1076.0, 274.0, 662.0, -1100.0, 275.0, 0, 0, 255
L 662.0, -1100.0, 275.0, 634.0, -1105.0, 275.0, 0, 0, 255
L 634.0, -1105.0, 275.0, 606.0, -1111.0, 271.0, 0, 0, 255
L 606.0, -1111.0, 271.0, 614.0, -1130.0, 271.0, 0, 0, 255
L 614.0, -1130.0, 271.0, 613.0, -1145.0, 273.0, 0, 0, 255
L 613.0, -1145.0, 273.0, 610.0, -1159.0, 274.0, 0, 0, 255
L 610.0, -1159.0, 274.0, 609.0, -1180.0, 275.0, 0, 0, 255
L 609.0, -1180.0, 275.0, 607.0, -1197.0, 275.0, 0, 0, 255
L 607.0, -1197.0, 275.0, 597.0, -1215.0, 277.0, 0, 0, 255
L 597.0, -1215.0, 277.0, 563.0, -1254.0, 277.0, 0, 0, 255
L 563.0, -1254.0, 277.0, 544.0, -1297.0, 277.0, 0, 0, 255
L 545.0, -1350.0, 275.0, 552.0, -1364.0, 276.0, 0, 0, 255
L 552.0, -1364.0, 276.0, 563.0, -1378.0, 276.0, 0, 0, 255
L 563.0, -1378.0, 276.0, 580.0, -1402.0, 275.0, 0, 0, 255
L 580.0, -1402.0, 275.0, 589.0, -1426.0, 275.0, 0, 0, 255
L 589.0, -1426.0, 275.0, 589.0, -1449.0, 276.0, 0, 0, 255
L 589.0, -1449.0, 276.0, 582.0, -1469.0, 276.0, 0, 0, 255
L 582.0, -1469.0, 276.0, 573.0, -1496.0, 274.0, 0, 0, 255
L 573.0, -1496.0, 274.0, 562.0, -1497.0, 276.0, 0, 0, 255
L 562.0, -1497.0, 276.0, 540.0, -1503.0, 276.0, 0, 0, 255
L 540.0, -1503.0, 276.0, 512.0, -1515.0, 272.0, 0, 0, 255
L 512.0, -1515.0, 272.0, 514.0, -1534.0, 271.0, 0, 0, 255
L 514.0, -1534.0, 271.0, 517.0, -1567.0, 275.0, 0, 0, 255
L 517.0, -1567.0, 275.0, 516.0, -1579.0, 275.0, 0, 0, 255
L 516.0, -1579.0, 275.0, 516.0, -1594.0, 276.0, 0, 0, 255
L 516.0, -1594.0, 276.0, 514.0, -1615.0, 274.0, 0, 0, 255
L 514.0, -1615.0, 274.0, 513.0, -1622.0, 272.0, 0, 0, 255
L 513.0, -1622.0, 272.0, 507.0, -1643.0, 278.0, 0, 0, 255
L 507.0, -1643.0, 278.0, 503.0, -1664.0, 281.0, 0, 0, 255
L 503.0, -1664.0, 281.0, 488.0, -1697.0, 274.0, 0, 0, 255
L 488.0, -1697.0, 274.0, 471.0, -1707.0, 274.0, 0, 0, 255
L 471.0, -1707.0, 274.0, 454.0, -1717.0, 275.0, 0, 0, 255
L 454.0, -1717.0, 275.0, 448.0, -1737.0, 276.0, 0, 0, 255
L 448.0, -1737.0, 276.0, 447.0, -1750.0, 275.0, 0, 0, 255
L 447.0, -1750.0, 275.0, 438.0, -1792.0, 275.0, 0, 0, 255
L 438.0, -1792.0, 275.0, 436.0, -1827.0, 277.0, 0, 0, 255
L 436.0, -1827.0, 277.0, 433.0, -1850.0, 277.0, 0, 0, 255
L 433.0, -1850.0, 277.0, 430.0, -1873.0, 277.0, 0, 0, 255
L 430.0, -1873.0, 277.0, 428.0, -1892.0, 277.0, 0, 0, 255
L 428.0, -1892.0, 277.0, 419.0, -1921.0, 273.0, 0, 0, 255
L 419.0, -1921.0, 273.0, 385.0, -1944.0, 275.0, 0, 0, 255
L 385.0, -1944.0, 275.0, 383.0, -1956.0, 274.0, 0, 0, 255
L 383.0, -1956.0, 274.0, 383.0, -1975.0, 275.0, 0, 0, 255
L 383.0, -1975.0, 275.0, 380.0, -2011.0, 275.0, 0, 0, 255
L 380.0, -2011.0, 275.0, 379.0, -2027.0, 275.0, 0, 0, 255
L 379.0, -2027.0, 275.0, 377.0, -2044.0, 276.0, 0, 0, 255
L 377.0, -2044.0, 276.0, 376.0, -2059.0, 275.0, 0, 0, 255
L 376.0, -2059.0, 275.0, 397.0, -2084.0, 274.0, 0, 0, 255
L 397.0, -2084.0, 274.0, 411.0, -2105.0, 273.0, 0, 0, 255
L 411.0, -2105.0, 273.0, 424.0, -2126.0, 275.0, 0, 0, 255
L 424.0, -2126.0, 275.0, 418.0, -2151.0, 275.0, 0, 0, 255
L 418.0, -2151.0, 275.0, 413.0, -2168.0, 276.0, 0, 0, 255
L 413.0, -2168.0, 276.0, 406.0, -2193.0, 277.0, 0, 0, 255
L 406.0, -2193.0, 277.0, 423.0, -2227.0, 280.0, 0, 0, 255
L 423.0, -2227.0, 280.0, 428.0, -2241.0, 278.0, 0, 0, 255
L 428.0, -2241.0, 278.0, 436.0, -2264.0, 276.0, 0, 0, 255
L 436.0, -2264.0, 276.0, 440.0, -2300.0, 272.0, 0, 0, 255
L 440.0, -2300.0, 272.0, 451.0, -2322.0, 276.0, 0, 0, 255
L 451.0, -2322.0, 276.0, 457.0, -2337.0, 276.0, 0, 0, 255
L 457.0, -2337.0, 276.0, 456.0, -2396.0, 279.0, 0, 0, 255
L 456.0, -2396.0, 279.0, 454.0, -2417.0, 274.0, 0, 0, 255
L 454.0, -2417.0, 274.0, 449.0, -2438.0, 273.0, 0, 0, 255
L 449.0, -2438.0, 273.0, 446.0, -2455.0, 273.0, 0, 0, 255
L 446.0, -2455.0, 273.0, 446.0, -2461.0, 274.0, 0, 0, 255
L 446.0, -2461.0, 274.0, 437.0, -2503.0, 273.0, 0, 0, 255
L 437.0, -2503.0, 273.0, 431.0, -2529.0, 274.0, 0, 0, 255
L 431.0, -2529.0, 274.0, 427.0, -2540.0, 275.0, 0, 0, 255
L 427.0, -2540.0, 275.0, 421.0, -2559.0, 276.0, 0, 0, 255
L 421.0, -2559.0, 276.0, 437.0, -2588.0, 276.0, 0, 0, 255
L 437.0, -2588.0, 276.0, 448.0, -2604.0, 280.0, 0, 0, 255
L 448.0, -2604.0, 280.0, 463.0, -2626.0, 282.0, 0, 0, 255
L 463.0, -2626.0, 282.0, 487.0, -2639.0, 287.0, 0, 0, 255
L 487.0, -2639.0, 287.0, 517.0, -2662.0, 280.0, 0, 0, 255
L 517.0, -2662.0, 280.0, 548.0, -2693.0, 279.0, 0, 0, 255
L 548.0, -2693.0, 279.0, 568.0, -2715.0, 277.0, 0, 0, 255
L 568.0, -2715.0, 277.0, 618.0, -2772.0, 274.0, 0, 0, 255
L 618.0, -2772.0, 274.0, 640.0, -2795.0, 274.0, 0, 0, 255
L 640.0, -2795.0, 274.0, 672.0, -2828.0, 271.0, 0, 0, 255
L 672.0, -2828.0, 271.0, 692.0, -2832.0, 275.0, 0, 0, 255
L 692.0, -2832.0, 275.0, 709.0, -2840.0, 273.0, 0, 0, 255
L 709.0, -2840.0, 273.0, 723.0, -2851.0, 271.0, 0, 0, 255
L 723.0, -2851.0, 271.0, 745.0, -2868.0, 271.0, 0, 0, 255
L 745.0, -2868.0, 271.0, 760.0, -2885.0, 273.0, 0, 0, 255
L 760.0, -2885.0, 273.0, 775.0, -2919.0, 274.0, 0, 0, 255
L 775.0, -2919.0, 274.0, 782.0, -2940.0, 277.0, 0, 0, 255
L 782.0, -2940.0, 277.0, 790.0, -2964.0, 280.0, 0, 0, 255
L 790.0, -2964.0, 280.0, 807.0, -2983.0, 281.0, 0, 0, 255
L 807.0, -2983.0, 281.0, 819.0, -2986.0, 279.0, 0, 0, 255
L 819.0, -2986.0, 279.0, 849.0, -3003.0, 274.0, 0, 0, 255
L 849.0, -3003.0, 274.0, 875.0, -3020.0, 273.0, 0, 0, 255
L 875.0, -3020.0, 273.0, 908.0, -3042.0, 272.0, 0, 0, 255
L 908.0, -3042.0, 272.0, 921.0, -3053.0, 272.0, 0, 0, 255
L 921.0, -3053.0, 272.0, 923.0, -3098.0, 277.0, 0, 0, 255
L 923.0, -3098.0, 277.0, 923.0, -3110.0, 276.0, 0, 0, 255
L 923.0, -3110.0, 276.0, 923.0, -3125.0, 276.0, 0, 0, 255
L 923.0, -3125.0, 276.0, 924.0, -3138.0, 277.0, 0, 0, 255
L 924.0, -3138.0, 277.0, 923.0, -3164.0, 277.0, 0, 0, 255
L 923.0, -3164.0, 277.0, 923.0, -3178.0, 276.0, 0, 0, 255
L 923.0, -3178.0, 276.0, 922.0, -3190.0, 275.0, 0, 0, 255
L 922.0, -3190.0, 275.0, 922.0, -3230.0, 275.0, 0, 0, 255
L 922.0, -3230.0, 275.0, 921.0, -3269.0, 275.0, 0, 0, 255
L 921.0, -3269.0, 275.0, 917.0, -3311.0, 276.0, 0, 0, 255
L 917.0, -3311.0, 276.0, 872.0, -3306.0, 278.0, 0, 0, 255
L 872.0, -3306.0, 278.0, 842.0, -3304.0, 275.0, 0, 0, 255
L 842.0, -3304.0, 275.0, 814.0, -3304.0, 278.0, 0, 0, 255
L 814.0, -3304.0, 278.0, 793.0, -3306.0, 275.0, 0, 0, 255
L 793.0, -3306.0, 275.0, 771.0, -3311.0, 274.0, 0, 0, 255
L 771.0, -3311.0, 274.0, 731.0, -3302.0, 271.0, 0, 0, 255
L 731.0, -3302.0, 271.0, 707.0, -3314.0, 271.0, 0, 0, 255
L 707.0, -3314.0, 271.0, 667.0, -3318.0, 271.0, 0, 0, 255
L 667.0, -3318.0, 271.0, 653.0, -3339.0, 271.0, 0, 0, 255
L 653.0, -3339.0, 271.0, 637.0, -3363.0, 275.0, 0, 0, 255
L 637.0, -3363.0, 275.0, 611.0, -3381.0, 279.0, 0, 0, 255
L 611.0, -3381.0, 279.0, 568.0, -3423.0, 271.0, 0, 0, 255
L 568.0, -3423.0, 271.0, 516.0, -3431.0, 275.0, 0, 0, 255
L 516.0, -3431.0, 275.0, 495.0, -3429.0, 276.0, 0, 0, 255
L 495.0, -3429.0, 276.0, 477.0, -3429.0, 271.0, 0, 0, 255
L 477.0, -3429.0, 271.0, 478.0, -3452.0, 271.0, 0, 0, 255
L 478.0, -3452.0, 271.0, 474.0, -3463.0, 271.0, 0, 0, 255
L 474.0, -3463.0, 271.0, 462.0, -3459.0, 271.0, 0, 0, 255
L 462.0, -3459.0, 271.0, 451.0, -3446.0, 271.0, 0, 0, 255
L 451.0, -3446.0, 271.0, 430.0, -3427.0, 271.0, 0, 0, 255
L 430.0, -3427.0, 271.0, 395.0, -3450.0, 271.0, 0, 0, 255
L 395.0, -3450.0, 271.0, 351.0, -3448.0, 271.0, 0, 0, 255
L 351.0, -3448.0, 271.0, 335.0, -3446.0, 271.0, 0, 0, 255
L 335.0, -3446.0, 271.0, 315.0, -3446.0, 271.0, 0, 0, 255
L 315.0, -3446.0, 271.0, 284.0, -3446.0, 271.0, 0, 0, 255
L 284.0, -3446.0, 271.0, 255.0, -3452.0, 271.0, 0, 0, 255
L 255.0, -3452.0, 271.0, 235.0, -3454.0, 271.0, 0, 0, 255
L 235.0, -3454.0, 271.0, 215.0, -3442.0, 286.0, 0, 0, 255
L 215.0, -3442.0, 286.0, 208.0, -3431.0, 301.0, 0, 0, 255
L 208.0, -3431.0, 301.0, 197.0, -3406.0, 296.0, 0, 0, 255
L 197.0, -3406.0, 296.0, 225.0, -3403.0, 274.0, 0, 0, 255
L 225.0, -3403.0, 274.0, 256.0, -3378.0, 281.0, 0, 0, 255
L 256.0, -3378.0, 281.0, 262.0, -3352.0, 271.0, 0, 0, 255
L -194.0, -3029.0, 459.0, -205.0, -3016.0, 455.0, 0, 0, 0
L -205.0, -3016.0, 455.0, -217.0, -3001.0, 449.0, 0, 0, 0
L -217.0, -3001.0, 449.0, -260.0, -2954.0, 430.0, 0, 0, 0
L -260.0, -2954.0, 430.0, -275.0, -2957.0, 431.0, 0, 0, 0
L -275.0, -2957.0, 431.0, -304.0, -2956.0, 431.0, 0, 0, 0
L -304.0, -2956.0, 431.0, -329.0, -2947.0, 431.0, 0, 0, 0
L -329.0, -2947.0, 431.0, -339.0, -2934.0, 431.0, 0, 0, 0
L -339.0, -2934.0, 431.0, -356.0, -2913.0, 430.0, 0, 0, 0
L -356.0, -2913.0, 430.0, -401.0, -2864.0, 430.0, 0, 0, 0
L -401.0, -2864.0, 430.0, -430.0, -2868.0, 430.0, 0, 0, 0
L -430.0, -2868.0, 430.0, -440.0, -2868.0, 430.0, 0, 0, 0
L -440.0, -2868.0, 430.0, -470.0, -2859.0, 431.0, 0, 0, 0
L -470.0, -2859.0, 431.0, -475.0, -2852.0, 431.0, 0, 0, 0
L -475.0, -2852.0, 431.0, -532.0, -2780.0, 438.0, 0, 0, 0
L -532.0, -2780.0, 438.0, -556.0, -2783.0, 443.0, 0, 0, 0
L -556.0, -2783.0, 443.0, -595.0, -2791.0, 454.0, 0, 0, 0
L -595.0, -2791.0, 454.0, -621.0, -2805.0, 469.0, 0, 0, 0
L -621.0, -2805.0, 469.0, -658.0, -2824.0, 492.0, 0, 0, 0
L -658.0, -2824.0, 492.0, -672.0, -2824.0, 491.0, 0, 0, 0
L -672.0, -2824.0, 491.0, -713.0, -2816.0, 514.0, 0, 0, 0
L -713.0, -2816.0, 514.0, -733.0, -2819.0, 524.0, 0, 0, 0
L -733.0, -2819.0, 524.0, -742.0, -2832.0, 537.0, 0, 0, 0
L -742.0, -2832.0, 537.0, -747.0, -2853.0, 559.0, 0, 0, 0
L -747.0, -2853.0, 559.0, -749.0, -2863.0, 570.0, 0, 0, 0
L -749.0, -2863.0, 570.0, -752.0, -2875.0, 577.0, 0, 0, 0
L -752.0, -2875.0, 577.0, -749.0, -2886.0, 585.0, 0, 0, 0
L -749.0, -2886.0, 585.0, -738.0, -2904.0, 598.0, 0, 0, 0
L -738.0, -2904.0, 598.0, -706.0, -2954.0, 637.0, 0, 0, 0
L -706.0, -2954.0, 637.0, -700.0, -2966.0, 646.0, 0, 0, 0
L -700.0, -2966.0, 646.0, -682.0, -3004.0, 664.0, 0, 0, 0
L -492.0, -3382.0, 727.0, -518.0, -3368.0, 724.0, 0, 0, 0
L -518.0, -3368.0, 724.0, -544.0, -3354.0, 720.0, 0, 0, 0
L -544.0, -3354.0, 720.0, -562.0, -3339.0, 711.0, 0, 0, 0
L -562.0, -3339.0, 711.0, -576.0, -3330.0, 706.0, 0, 0, 0
L -576.0, -3330.0, 706.0, -593.0, -3321.0, 702.0, 0, 0, 0
L -593.0, -3321.0, 702.0, -610.0, -3302.0, 703.0, 0, 0, 0
L -610.0, -3302.0, 703.0, -624.0, -3286.0, 707.0, 0, 0, 0
L -624.0, -3286.0, 707.0, -650.0, -3257.0, 713.0, 0, 0, 0
L -650.0, -3257.0, 713.0, -668.0, -3236.0, 717.0, 0, 0, 0
L -668.0, -3236.0, 717.0, -681.0, -3225.0, 707.0, 0, 0, 0
L -681.0, -3225.0, 707.0, -714.0, -3213.0, 711.0, 0, 0, 0
L -714.0, -3213.0, 711.0, -759.0, -3196.0, 692.0, 0, 0, 0
L -759.0, -3196.0, 692.0, -775.0, -3216.0, 663.0, 0, 0, 0
L -775.0, -3216.0, 663.0, -780.0, -3225.0, 650.0, 0, 0, 0
L -780.0, -3225.0, 650.0, -792.0, -3241.0, 651.0, 0, 0, 0
L -792.0, -3241.0, 651.0, -808.0, -3252.0, 654.0, 0, 0, 0
L -808.0, -3252.0, 654.0, -820.0, -3254.0, 658.0, 0, 0, 0
L -820.0, -3254.0, 658.0, -844.0, -3255.0, 658.0, 0, 0, 0
L -844.0, -3255.0, 658.0, -871.0, -3261.0, 658.0, 0, 0, 0
L -871.0, -3261.0, 658.0, -901.0, -3273.0, 658.0, 0, 0, 0
L -901.0, -3273.0, 658.0, -912.0, -3291.0, 651.0, 0, 0, 0
L -912.0, -3291.0, 651.0, -923.0, -3314.0, 659.0, 0, 0, 0
L -923.0, -3314.0, 659.0, -932.0, -3326.0, 663.0, 0, 0, 0
L -932.0, -3326.0, 663.0, -943.0, -3329.0, 650.0, 0, 0, 0
L -943.0, -3329.0, 650.0, -975.0, -3337.0, 657.0, 0, 0, 0
L -975.0, -3337.0, 657.0, -987.0, -3338.0, 660.0, 0, 0, 0
L -987.0, -3338.0, 660.0, -1028.0, -3337.0, 672.0, 0, 0, 0
L -1028.0, -3337.0, 672.0, -1048.0, -3315.0, 675.0, 0, 0, 0
L -1048.0, -3315.0, 675.0, -1096.0, -3269.0, 672.0, 0, 0, 0
L -1096.0, -3269.0, 672.0, -1103.0, -3267.0, 674.0, 0, 0, 0
L -1103.0, -3267.0, 674.0, -1142.0, -3259.0, 691.0, 0, 0, 0
L -1142.0, -3259.0, 691.0, -1189.0, -3255.0, 713.0, 0, 0, 0
L -1189.0, -3255.0, 713.0, -1248.0, -3267.0, 752.0, 0, 0, 0
L -1248.0, -3267.0, 752.0, -1269.0, -3262.0, 769.0, 0, 0, 0
L -1269.0, -3262.0, 769.0, -1281.0, -3256.0, 774.0, 0, 0, 0
L -1281.0, -3256.0, 774.0, -1302.0, -3246.0, 784.0, 0, 0, 0
L -1302.0, -3246.0, 784.0, -1313.0, -3235.0, 790.0, 0, 0, 0
L -1313.0, -3235.0, 790.0, -1346.0, -3201.0, 801.0, 0, 0, 0
L -1346.0, -3201.0, 801.0, -1371.0, -3182.0, 807.0, 0, 0, 0
L -1371.0, -3182.0, 807.0, -1389.0, -3176.0, 809.0, 0, 0, 0
L -1389.0, -3176.0, 809.0, -1428.0, -3185.0, 830.0, 0, 0, 0
L -1428.0, -3185.0, 830.0, -1440.0, -3194.0, 845.0, 0, 0, 0
L -1440.0, -3194.0, 845.0, -1450.0, -3200.0, 857.0, 0, 0, 0
L -1450.0, -3200.0, 857.0, -1482.0, -3217.0, 886.0, 0, 0, 0
L -1482.0, -3217.0, 886.0, -1529.0, -3231.0, 908.0, 0, 0, 0
L -1529.0, -3231.0, 908.0, -1579.0, -3188.0, 845.0, 0, 0, 0
L -1579.0, -3188.0, 845.0, -1601.0, -3168.0, 791.0, 0, 0, 0
L -1601.0, -3168.0, 791.0, -1624.0, -3148.0, 745.0, 0, 0, 0
L -1624.0, -3148.0, 745.0, -1972.0, -2844.0, 743.0, 0, 0, 0
L -1972.0, -2844.0, 743.0, -1973.0, -2833.0, 744.0, 0, 0, 0
L -1973.0, -2833.0, 744.0, -1970.0, -2811.0, 747.0, 0, 0, 0
L -1970.0, -2811.0, 747.0, -1970.0, -2778.0, 749.0, 0, 0, 0
L -1970.0, -2778.0, 749.0, -1972.0, -2759.0, 751.0, 0, 0, 0
L -1972.0, -2759.0, 751.0, -1982.0, -2737.0, 735.0, 0, 0, 0
L -1982.0, -2737.0, 735.0, -1976.0, -2709.0, 702.0, 0, 0, 0
L -1976.0, -2709.0, 702.0, -1973.0, -2696.0, 687.0, 0, 0, 0
L -1973.0, -2696.0, 687.0, -1972.0, -2682.0, 672.0, 0, 0, 0
L -1972.0, -2682.0, 672.0, -1973.0, -2670.0, 646.0, 0, 0, 0
L -1973.0, -2670.0, 646.0, -1974.0, -2663.0, 623.0, 0, 0, 0
L -1974.0, -2663.0, 623.0, -1975.0, -2659.0, 597.0, 0, 0, 0
L -1975.0, -2659.0, 597.0, -1975.0, -2657.0, 582.0, 0, 0, 0
L -1975.0, -2657.0, 582.0, -1975.0, -2653.0, 535.0, 0, 0, 0
L -1975.0, -2653.0, 535.0, -1987.0, -2651.0, 535.0, 0, 0, 0
L -1987.0, -2651.0, 535.0, -2045.0, -2642.0, 535.0, 0, 0, 0
L -2045.0, -2642.0, 535.0, -2054.0, -2629.0, 535.0, 0, 0, 0
L -2054.0, -2629.0, 535.0, -2071.0, -2616.0, 535.0, 0, 0, 0
L -2071.0, -2616.0, 535.0, -2096.0, -2614.0, 536.0, 0, 0, 0
L -2096.0, -2614.0, 536.0, -2120.0, -2610.0, 536.0, 0, 0, 0
L -2120.0, -2610.0, 536.0, -2120.0, -2597.0, 535.0, 0, 0, 0
L -2120.0, -2597.0, 535.0, -2119.0, -2565.0, 535.0, 0, 0, 0
L -2119.0, -2565.0, 535.0, -2100.0, -2535.0, 535.0, 0, 0, 0
L -2100.0, -2535.0, 535.0, -2090.0, -2520.0, 535.0, 0, 0, 0
L -2090.0, -2520.0, 535.0, -2079.0, -2503.0, 535.0, 0, 0, 0
L -2079.0, -2503.0, 535.0, -2074.0, -2479.0, 532.0, 0, 0, 0
L -2074.0, -2479.0, 532.0, -2069.0, -2458.0, 525.0, 0, 0, 0
L -2069.0, -2458.0, 525.0, -2062.0, -2427.0, 519.0, 0, 0, 0
L -2062.0, -2427.0, 519.0, -2054.0, -2397.0, 519.0, 0, 0, 0
L -2054.0, -2397.0, 519.0, -2049.0, -2371.0, 519.0, 0, 0, 0
L -2049.0, -2371.0, 519.0, -2048.0, -2365.0, 519.0, 0, 0, 0
L -2048.0, -2365.0, 519.0, -2046.0, -2346.0, 519.0, 0, 0, 0
L -2046.0, -2346.0, 519.0, -2043.0, -2326.0, 519.0, 0, 0, 0
L -2043.0, -2326.0, 519.0, -2045.0, -2309.0, 519.0, 0, 0, 0
L -2045.0, -2309.0, 519.0, -2047.0, -2294.0, 519.0, 0, 0, 0
L -2047.0, -2294.0, 519.0, -2050.0, -2268.0, 519.0, 0, 0, 0
L -2050.0, -2268.0, 519.0, -2050.0, -2219.0, 519.0, 0, 0, 0
L -2050.0, -2219.0, 519.0, -2050.0, -2175.0, 521.0, 0, 0, 0
L -2050.0, -2175.0, 521.0, -2056.0, -2140.0, 519.0, 0, 0, 0
L -2056.0, -2140.0, 519.0, -2084.0, -2151.0, 525.0, 0, 0, 0
L -2084.0, -2151.0, 525.0, -2114.0, -2154.0, 531.0, 0, 0, 0
L -2114.0, -2154.0, 531.0, -2143.0, -2157.0, 538.0, 0, 0, 0
L -2143.0, -2157.0, 538.0, -2179.0, -2153.0, 539.0, 0, 0, 0
L -2179.0, -2153.0, 539.0, -2206.0, -2161.0, 528.0, 0, 0, 0
L -2206.0, -2161.0, 528.0, -2265.0, -2190.0, 546.0, 0, 0, 0
L -2265.0, -2190.0, 546.0, -2305.0, -2217.0, 560.0, 0, 0, 0
L -2305.0, -2217.0, 560.0, -2320.0, -2236.0, 573.0, 0, 0, 0
L -2320.0, -2236.0, 573.0, -2336.0, -2256.0, 592.0, 0, 0, 0
L -2336.0, -2256.0, 592.0, -2346.0, -2270.0, 602.0, 0, 0, 0
L -2346.0, -2270.0, 602.0, -2353.0, -2288.0, 612.0, 0, 0, 0
L -2353.0, -2288.0, 612.0, -2362.0, -2316.0, 630.0, 0, 0, 0
L -2362.0, -2316.0, 630.0, -2378.0, -2346.0, 641.0, 0, 0, 0
L -2378.0, -2346.0, 641.0, -2395.0, -2380.0, 649.0, 0, 0, 0
L -2395.0, -2380.0, 649.0, -2417.0, -2416.0, 670.0, 0, 0, 0
L -2417.0, -2416.0, 670.0, -2417.0, -2423.0, 676.0, 0, 0, 0
L -2417.0, -2423.0, 676.0, -2421.0, -2428.0, 678.0, 0, 0, 0
L -2421.0, -2428.0, 678.0, -2424.0, -2416.0, 661.0, 0, 0, 0
L -2424.0, -2416.0, 661.0, -2428.0, -2377.0, 643.0, 0, 0, 0
L -2428.0, -2377.0, 643.0, -2428.0, -2365.0, 639.0, 0, 0, 0
L -2428.0, -2365.0, 639.0, -2430.0, -2330.0, 636.0, 0, 0, 0
L -2430.0, -2330.0, 636.0, -2418.0, -2309.0, 625.0, 0, 0, 0
L -2418.0, -2309.0, 625.0, -2413.0, -2300.0, 566.0, 0, 0, 0
L -2413.0, -2300.0, 566.0, -2415.0, -2279.0, 548.0, 0, 0, 0
L -2415.0, -2279.0, 548.0, -2417.0, -2253.0, 532.0, 0, 0, 0
L -2417.0, -2253.0, 532.0, -2428.0, -2239.0, 520.0, 0, 0, 0
L -2428.0, -2239.0, 520.0, -2437.0, -2230.0, 509.0, 0, 0, 0
L -2437.0, -2230.0, 509.0, -2447.0, -2216.0, 501.0, 0, 0, 0
L -2447.0, -2216.0, 501.0, -2461.0, -2201.0, 512.0, 0, 0, 0
L -2461.0, -2201.0, 512.0, -2475.0, -2187.0, 524.0, 0, 0, 0
L -2475.0, -2187.0, 524.0, -2488.0, -2182.0, 534.0, 0, 0, 0
L -2488.0, -2182.0, 534.0, -2504.0, -2171.0, 544.0, 0, 0, 0
L -2504.0, -2171.0, 544.0, -2518.0, -2126.0, 534.0, 0, 0, 0
L -2518.0, -2126.0, 534.0, -2524.0, -2095.0, 526.0, 0, 0, 0
L -2524.0, -2095.0, 526.0, -2528.0, -2075.0, 520.0, 0, 0, 0
L -2528.0, -2075.0, 520.0, -2528.0, -2043.0, 509.0, 0, 0, 0
L -2528.0, -2043.0, 509.0, -2522.0, -2021.0, 537.0, 0, 0, 0
L -2522.0, -2021.0, 537.0, -2519.0, -2012.0, 548.0, 0, 0, 0
L -2519.0, -2012.0, 548.0, -2515.0, -2003.0, 559.0, 0, 0, 0
L -2515.0, -2003.0, 559.0, -2510.0, -1988.0, 556.0, 0, 0, 0
L -2510.0, -1988.0, 556.0, -2510.0, -1965.0, 559.0, 0, 0, 0
L -2510.0, -1965.0, 559.0, -2511.0, -1950.0, 561.0, 0, 0, 0
L -2511.0, -1950.0, 561.0, -2513.0, -1929.0, 565.0, 0, 0, 0
L -2513.0, -1929.0, 565.0, -2515.0, -1898.0, 572.0, 0, 0, 0
L -2515.0, -1898.0, 572.0, -2516.0, -1891.0, 569.0, 0, 0, 0
L -2516.0, -1891.0, 569.0, -2517.0, -1876.0, 549.0, 0, 0, 0
L -2517.0, -1876.0, 549.0, -2521.0, -1870.0, 537.0, 0, 0, 0
L -2521.0, -1870.0, 537.0, -2538.0, -1857.0, 543.0, 0, 0, 0
L -2538.0, -1857.0, 543.0, -2561.0, -1838.0, 551.0, 0, 0, 0
L -2561.0, -1838.0, 551.0, -2573.0, -1828.0, 558.0, 0, 0, 0
L -2573.0, -1828.0, 558.0, -2579.0, -1807.0, 564.0, 0, 0, 0
L -2579.0, -1807.0, 564.0, -2583.0, -1786.0, 571.0, 0, 0, 0
L -2583.0, -1786.0, 571.0, -2585.0, -1775.0, 579.0, 0, 0, 0
L -2585.0, -1775.0, 579.0, -2587.0, -1764.0, 587.0, 0, 0, 0
L -2587.0, -1764.0, 587.0, -2591.0, -1742.0, 595.0, 0, 0, 0
L -2591.0, -1742.0, 595.0, -2595.0, -1723.0, 599.0, 0, 0, 0
L -2595.0, -1723.0, 599.0, -2596.0, -1717.0, 600.0, 0, 0, 0
L -2596.0, -1717.0, 600.0, -2601.0, -1689.0, 607.0, 0, 0, 0
L -2601.0, -1689.0, 607.0, -2605.0, -1668.0, 610.0, 0, 0, 0
L -2605.0, -1668.0, 610.0, -2605.0, -1527.0, 607.0, 0, 0, 0
L -2605.0, -1527.0, 607.0, -2604.0, -1516.0, 618.0, 0, 0, 0
L -2604.0, -1516.0, 618.0, -2603.0, -1506.0, 629.0, 0, 0, 0
L -2603.0, -1506.0, 629.0, -2602.0, -1486.0, 651.0, 0, 0, 0
L -2602.0, -1486.0, 651.0, -2602.0, -1475.0, 663.0, 0, 0, 0
L -2602.0, -1475.0, 663.0, -2598.0, -1441.0, 668.0, 0, 0, 0
L -2598.0, -1441.0, 668.0, -2596.0, -1414.0, 675.0, 0, 0, 0
L -2596.0, -1414.0, 675.0, -2594.0, -1402.0, 678.0, 0, 0, 0
L -2594.0, -1402.0, 678.0, -2591.0, -1377.0, 675.0, 0, 0, 0
L -2591.0, -1377.0, 675.0, -2592.0, -1367.0, 658.0, 0, 0, 0
L -2592.0, -1367.0, 658.0, -2606.0, -1346.0, 665.0, 0, 0, 0
L -2606.0, -1346.0, 665.0, -2604.0, -454.0, 464.0, 0, 0, 0
L -2604.0, -454.0, 464.0, -2598.0, -426.0, 469.0, 0, 0, 0
L -2598.0, -426.0, 469.0, -2595.0, -412.0, 471.0, 0, 0, 0
L -2595.0, -412.0, 471.0, -2592.0, -398.0, 473.0, 0, 0, 0
L -2592.0, -398.0, 473.0, -2588.0, -377.0, 476.0, 0, 0, 0
L -2588.0, -377.0, 476.0, -2584.0, -357.0, 481.0, 0, 0, 0
L -2584.0, -357.0, 481.0, -2580.0, -341.0, 484.0, 0, 0, 0
L -2580.0, -341.0, 484.0, -2577.0, -326.0, 486.0, 0, 0, 0
L -2577.0, -326.0, 486.0, -2574.0, -313.0, 489.0, 0, 0, 0
L -2574.0, -313.0, 489.0, -2571.0, -299.0, 491.0, 0, 0, 0
L -2571.0, -299.0, 491.0, -2569.0, -287.0, 492.0, 0, 0, 0
L -2569.0, -287.0, 492.0, -2565.0, -271.0, 494.0, 0, 0, 0
L -2565.0, -271.0, 494.0, -2560.0, -247.0, 498.0, 0, 0, 0
L -2560.0, -247.0, 498.0, -2556.0, -228.0, 500.0, 0, 0, 0
L -2556.0, -228.0, 500.0, -2553.0, -214.0, 500.0, 0, 0, 0
L -2553.0, -214.0, 500.0, -2548.0, -190.0, 499.0, 0, 0, 0
L -2548.0, -190.0, 499.0, -2545.0, -176.0, 499.0, 0, 0, 0
L -2545.0, -176.0, 499.0, -2543.0, -165.0, 502.0, 0, 0, 0
L -2543.0, -165.0, 502.0, -2535.0, -141.0, 509.0, 0, 0, 0
L -2535.0, -141.0, 509.0, -2520.0, -98.0, 527.0, 0, 0, 0
L -2520.0, -98.0, 527.0, -2497.0, -62.0, 543.0, 0, 0, 0
L -2497.0, -62.0, 543.0, -2487.0, -50.0, 549.0, 0, 0, 0
L -2487.0, -50.0, 549.0, -2468.0, -27.0, 559.0, 0, 0, 0
L -2468.0, -27.0, 559.0, -2426.0, 19.0, 561.0, 0, 0, 0
L -2426.0, 19.0, 561.0, -2409.0, 32.0, 561.0, 0, 0, 0
L -2409.0, 32.0, 561.0, -2389.0, 56.0, 556.0, 0, 0, 0
L -2389.0, 56.0, 556.0, -2369.0, 78.0, 561.0, 0, 0, 0
L -2369.0, 78.0, 561.0, -2360.0, 91.0, 554.0, 0, 0, 0
L -2360.0, 91.0, 554.0, -2343.0, 115.0, 547.0, 0, 0, 0
L -2343.0, 115.0, 547.0, -2327.0, 137.0, 531.0, 0, 0, 0
L -2327.0, 137.0, 531.0, -2322.0, 151.0, 527.0, 0, 0, 0
L -2322.0, 151.0, 527.0, -2313.0, 176.0, 526.0, 0, 0, 0
L -2313.0, 176.0, 526.0, -2308.0, 196.0, 524.0, 0, 0, 0
L -2308.0, 196.0, 524.0, -2300.0, 234.0, 521.0, 0, 0, 0
L -2300.0, 234.0, 521.0, -2301.0, 261.0, 520.0, 0, 0, 0
L -2301.0, 261.0, 520.0, -2302.0, 276.0, 523.0, 0, 0, 0
L -2302.0, 276.0, 523.0, -2306.0, 314.0, 518.0, 0, 0, 0
L -2306.0, 314.0, 518.0, -2307.0, 327.0, 511.0, 0, 0, 0
L -2307.0, 327.0, 511.0, -2303.0, 362.0, 499.0, 0, 0, 0
L -2303.0, 362.0, 499.0, -2308.0, 390.0, 489.0, 0, 0, 0
L -2308.0, 390.0, 489.0, -2314.0, 415.0, 493.0, 0, 0, 0
L -2314.0, 415.0, 493.0, -2321.0, 444.0, 503.0, 0, 0, 0
L -2321.0, 444.0, 503.0, -2328.0, 471.0, 511.0, 0, 0, 0
L -2328.0, 471.0, 511.0, -2341.0, 502.0, 538.0, 0, 0, 0
L -2341.0, 502.0, 538.0, -2353.0, 529.0, 565.0, 0, 0, 0
L -2353.0, 529.0, 565.0, -2357.0, 547.0, 587.0, 0, 0, 0
L -2357.0, 547.0, 587.0, -2360.0, 570.0, 613.0, 0, 0, 0
L -2360.0, 570.0, 613.0, -2362.0, 583.0, 629.0, 0, 0, 0
L -2362.0, 583.0, 629.0, -2363.0, 591.0, 636.0, 0, 0, 0
L -2363.0, 591.0, 636.0, -2361.0, 615.0, 648.0, 0, 0, 0
L -2361.0, 615.0, 648.0, -2358.0, 626.0, 651.0, 0, 0, 0
L -2358.0, 626.0, 651.0, -2354.0, 638.0, 656.0, 0, 0, 0
L -2354.0, 638.0, 656.0, -2349.0, 658.0, 656.0, 0, 0, 0
L -2349.0, 658.0, 656.0, -2348.0, 665.0, 658.0, 0, 0, 0
L -2348.0, 665.0, 658.0, -2339.0, 704.0, 665.0, 0, 0, 0
L -2339.0, 704.0, 665.0, -2330.0, 715.0, 645.0, 0, 0, 0
L -2330.0, 715.0, 645.0, -2335.0, 728.0, 643.0, 0, 0, 0
L -2335.0, 728.0, 643.0, -2343.0, 752.0, 646.0, 0, 0, 0
L -2343.0, 752.0, 646.0, -2347.0, 785.0, 656.0, 0, 0, 0
L -2347.0, 785.0, 656.0, -2347.0, 808.0, 661.0, 0, 0, 0
L -2347.0, 808.0, 661.0, -2348.0, 829.0, 666.0, 0, 0, 0
L -2348.0, 829.0, 666.0, -2348.0, 854.0, 670.0, 0, 0, 0
L -2348.0, 854.0, 670.0, -2349.0, 874.0, 673.0, 0, 0, 0
L -2349.0, 874.0, 673.0, -2350.0, 893.0, 677.0, 0, 0, 0
L -2350.0, 893.0, 677.0, -2352.0, 904.0, 680.0, 0, 0, 0
L -2352.0, 904.0, 680.0, -2359.0, 936.0, 676.0, 0, 0, 0
L -2359.0, 936.0, 676.0, -2380.0, 985.0, 682.0, 0, 0, 0
L -2380.0, 985.0, 682.0, -2384.0, 1006.0, 681.0, 0, 0, 0
L -2384.0, 1006.0, 681.0, -2386.0, 1017.0, 681.0, 0, 0, 0
L -2386.0, 1017.0, 681.0, -2389.0, 1038.0, 679.0, 0, 0, 0
L -2389.0, 1038.0, 679.0, -2390.0, 1049.0, 673.0, 0, 0, 0
L -2390.0, 1049.0, 673.0, -2391.0, 1073.0, 673.0, 0, 0, 0
L -2391.0, 1073.0, 673.0, -2392.0, 1094.0, 675.0, 0, 0, 0
L -2392.0, 1094.0, 675.0, -2392.0, 1112.0, 677.0, 0, 0, 0
L -2392.0, 1112.0, 677.0, -2393.0, 1123.0, 675.0, 0, 0, 0
L -2393.0, 1123.0, 675.0, -2394.0, 1133.0, 663.0, 0, 0, 0
L -2394.0, 1133.0, 663.0, -2394.0, 1140.0, 639.0, 0, 0, 0
L -2394.0, 1140.0, 639.0, -2394.0, 1142.0, 628.0, 0, 0, 0
L -2394.0, 1142.0, 628.0, -2395.0, 1145.0, 609.0, 0, 0, 0
L -2395.0, 1145.0, 609.0, -2400.0, 1155.0, 595.0, 0, 0, 0
L -2400.0, 1155.0, 595.0, -2420.0, 1180.0, 561.0, 0, 0, 0
L -2420.0, 1180.0, 561.0, -2519.0, 1250.0, 560.0, 0, 0, 0
L -2519.0, 1250.0, 560.0, -2553.0, 1280.0, 560.0, 0, 0, 0
L -2553.0, 1280.0, 560.0, -2575.0, 1295.0, 568.0, 0, 0, 0
L -2575.0, 1295.0, 568.0, -2597.0, 1316.0, 577.0, 0, 0, 0
L -2597.0, 1316.0, 577.0, -2615.0, 1337.0, 585.0, 0, 0, 0
L -2615.0, 1337.0, 585.0, -2619.0, 1348.0, 589.0, 0, 0, 0
L -2619.0, 1348.0, 589.0, -2623.0, 1368.0, 596.0, 0, 0, 0
L -2623.0, 1368.0, 596.0, -2630.0, 1379.0, 604.0, 0, 0, 0
L -2630.0, 1379.0, 604.0, -2644.0, 1386.0, 621.0, 0, 0, 0
L -2644.0, 1386.0, 621.0, -2687.0, 1403.0, 670.0, 0, 0, 0
L -2687.0, 1403.0, 670.0, -2712.0, 1440.0, 678.0, 0, 0, 0
L -2712.0, 1440.0, 678.0, -2735.0, 1459.0, 690.0, 0, 0, 0
L -2735.0, 1459.0, 690.0, -2768.0, 1484.0, 708.0, 0, 0, 0
L -2768.0, 1484.0, 708.0, -2780.0, 1493.0, 713.0, 0, 0, 0
L -2780.0, 1493.0, 713.0, -2794.0, 1508.0, 719.0, 0, 0, 0
L -2794.0, 1508.0, 719.0, -2798.0, 1527.0, 717.0, 0, 0, 0
L -2798.0, 1527.0, 717.0, -2796.0, 1542.0, 726.0, 0, 0, 0
L -2796.0, 1542.0, 726.0, -2785.0, 1574.0, 734.0, 0, 0, 0
L -2785.0, 1574.0, 734.0, -2787.0, 1593.0, 735.0, 0, 0, 0
L -2787.0, 1593.0, 735.0, -2790.0, 1610.0, 741.0, 0, 0, 0
L -2790.0, 1610.0, 741.0, -2794.0, 1629.0, 748.0, 0, 0, 0
L -2794.0, 1629.0, 748.0, -2797.0, 1644.0, 751.0, 0, 0, 0
L -2797.0, 1644.0, 751.0, -2799.0, 1655.0, 753.0, 0, 0, 0
L -2799.0, 1655.0, 753.0, -2802.0, 1671.0, 756.0, 0, 0, 0
L -2802.0, 1671.0, 756.0, -2805.0, 1687.0, 746.0, 0, 0, 0
L -2805.0, 1687.0, 746.0, -2824.0, 1719.0, 723.0, 0, 0, 0
L -2824.0, 1719.0, 723.0, -2829.0, 1727.0, 720.0, 0, 0, 0
L -2829.0, 1727.0, 720.0, -2836.0, 1810.0, 663.0, 0, 0, 0
L -2836.0, 1810.0, 663.0, -2835.0, 1883.0, 690.0, 0, 0, 0
L -2835.0, 1883.0, 690.0, -2835.0, 1976.0, 673.0, 0, 0, 0
L -2835.0, 1976.0, 673.0, -2834.0, 2062.0, 686.0, 0, 0, 0
L -2834.0, 2062.0, 686.0, -2834.0, 2144.0, 705.0, 0, 0, 0
L -2834.0, 2144.0, 705.0, -2834.0, 2390.0, 768.0, 0, 0, 0
L -2834.0, 2390.0, 768.0, -2832.0, 2579.0, 740.0, 0, 0, 0
L -2832.0, 2579.0, 740.0, -2831.0, 2591.0, 734.0, 0, 0, 0
L -2831.0, 2591.0, 734.0, -2827.0, 2622.0, 720.0, 0, 0, 0
L -2827.0, 2622.0, 720.0, -2826.0, 2633.0, 715.0, 0, 0, 0
L -2826.0, 2633.0, 715.0, -2825.0, 2645.0, 705.0, 0, 0, 0
L -2825.0, 2645.0, 705.0, -2823.0, 2664.0, 694.0, 0, 0, 0
L -2823.0, 2664.0, 694.0, -2821.0, 2676.0, 688.0, 0, 0, 0
L -2821.0, 2676.0, 688.0, -2818.0, 2703.0, 675.0, 0, 0, 0
L -2818.0, 2703.0, 675.0, -2817.0, 2715.0, 671.0, 0, 0, 0
L -2817.0, 2715.0, 671.0, -2815.0, 2732.0, 681.0, 0, 0, 0
L -2815.0, 2732.0, 681.0, -2814.0, 2738.0, 684.0, 0, 0, 0
L -2814.0, 2738.0, 684.0, -2812.0, 2757.0, 694.0, 0, 0, 0
L -2812.0, 2757.0, 694.0, -2809.0, 2782.0, 700.0, 0, 0, 0
L -2809.0, 2782.0, 700.0, -2808.0, 2796.0, 690.0, 0, 0, 0
L -2808.0, 2796.0, 690.0, -2806.0, 2809.0, 679.0, 0, 0, 0
L -2806.0, 2809.0, 679.0, -2804.0, 2827.0, 667.0, 0, 0, 0
L -2804.0, 2827.0, 667.0, -2802.0, 2852.0, 663.0, 0, 0, 0
L -2802.0, 2852.0, 663.0, -2797.0, 2889.0, 662.0, 0, 0, 0
L -2797.0, 2889.0, 662.0, -2795.0, 2906.0, 651.0, 0, 0, 0
L -2795.0, 2906.0, 651.0, -2782.0, 2941.0, 650.0, 0, 0, 0
L -2782.0, 2941.0, 650.0, -2777.0, 2959.0, 639.0, 0, 0, 0
L -2777.0, 2959.0, 639.0, -2775.0, 2979.0, 640.0, 0, 0, 0
L -2775.0, 2979.0, 640.0, -2775.0, 2986.0, 641.0, 0, 0, 0
L -2775.0, 2986.0, 641.0, -2771.0, 3011.0, 643.0, 0, 0, 0
L -2771.0, 3011.0, 643.0, -2769.0, 3024.0, 645.0, 0, 0, 0
L -2769.0, 3024.0, 645.0, -2765.0, 3045.0, 647.0, 0, 0, 0
L -2765.0, 3045.0, 647.0, -2764.0, 3061.0, 655.0, 0, 0, 0
L -2764.0, 3061.0, 655.0, -2761.0, 3072.0, 667.0, 0, 0, 0
L -2761.0, 3072.0, 667.0, -2758.0, 3082.0, 678.0, 0, 0, 0
L -2758.0, 3082.0, 678.0, -2752.0, 3093.0, 686.0, 0, 0, 0
L -2752.0, 3093.0, 686.0, -2731.0, 3130.0, 695.0, 0, 0, 0
L -2731.0, 3130.0, 695.0, -2714.0, 3139.0, 695.0, 0, 0, 0
L -2714.0, 3139.0, 695.0, -2693.0, 3148.0, 696.0, 0, 0, 0
L -2693.0, 3148.0, 696.0, -2664.0, 3155.0, 697.0, 0, 0, 0
L -2664.0, 3155.0, 697.0, -2651.0, 3158.0, 698.0, 0, 0, 0
L -2651.0, 3158.0, 698.0, -2637.0, 3168.0, 661.0, 0, 0, 0
L -2637.0, 3168.0, 661.0, -2632.0, 3183.0, 657.0, 0, 0, 0
L -2632.0, 3183.0, 657.0, -2622.0, 3204.0, 660.0, 0, 0, 0
L -2622.0, 3204.0, 660.0, -2611.0, 3206.0, 665.0, 0, 0, 0
L -2611.0, 3206.0, 665.0, -2577.0, 3212.0, 678.0, 0, 0, 0
L -2577.0, 3212.0, 678.0, -2568.0, 3215.0, 680.0, 0, 0, 0
L -2568.0, 3215.0, 680.0, -2524.0, 3230.0, 674.0, 0, 0, 0
L -2524.0, 3230.0, 674.0, -2344.0, 3245.0, 659.0, 0, 0, 0
L -2344.0, 3245.0, 659.0, -2323.0, 3228.0, 647.0, 0, 0, 0
L -2323.0, 3228.0, 647.0, -2285.0, 3197.0, 626.0, 0, 0, 0
L -2285.0, 3197.0, 626.0, -2257.0, 3176.0, 618.0, 0, 0, 0
L -2257.0, 3176.0, 618.0, -2233.0, 3159.0, 619.0, 0, 0, 0
L -2233.0, 3159.0, 619.0, -2198.0, 3136.0, 611.0, 0, 0, 0
L -2198.0, 3136.0, 611.0, -2176.0, 3133.0, 616.0, 0, 0, 0
L -2176.0, 3133.0, 616.0, -2164.0, 3132.0, 618.0, 0, 0, 0
L -2164.0, 3132.0, 618.0, -2137.0, 3130.0, 609.0, 0, 0, 0
L -2137.0, 3130.0, 609.0, -2111.0, 3115.0, 600.0, 0, 0, 0
L -2111.0, 3115.0, 600.0, -2054.0, 3080.0, 585.0, 0, 0, 0
L -2054.0, 3080.0, 585.0, -2045.0, 3067.0, 578.0, 0, 0, 0
L -2045.0, 3067.0, 578.0, -2031.0, 3048.0, 566.0, 0, 0, 0
L -2031.0, 3048.0, 566.0, -2019.0, 3032.0, 555.0, 0, 0, 0
L -2019.0, 3032.0, 555.0, -2005.0, 3014.0, 542.0, 0, 0, 0
L -2005.0, 3014.0, 542.0, -1995.0, 2999.0, 532.0, 0, 0, 0
L -1995.0, 2999.0, 532.0, -1976.0, 2976.0, 509.0, 0, 0, 0
L -1976.0, 2976.0, 509.0, -1964.0, 2960.0, 484.0, 0, 0, 0
L -1964.0, 2960.0, 484.0, -1952.0, 2950.0, 471.0, 0, 0, 0
L -1952.0, 2950.0, 471.0, -1941.0, 2938.0, 447.0, 0, 0, 0
L -1941.0, 2938.0, 447.0, -1917.0, 2914.0, 411.0, 0, 0, 0
L -1917.0, 2914.0, 411.0, -1899.0, 2905.0, 368.0, 0, 0, 0
L -1899.0, 2905.0, 368.0, -1878.0, 2921.0, 351.0, 0, 0, 0
L -1878.0, 2921.0, 351.0, -1869.0, 2941.0, 343.0, 0, 0, 0
L -1869.0, 2941.0, 343.0, -1854.0, 2959.0, 330.0, 0, 0, 0
L -1854.0, 2959.0, 330.0, -1840.0, 2969.0, 340.0, 0, 0, 0
L -1840.0, 2969.0, 340.0, -1811.0, 2969.0, 355.0, 0, 0, 0
L -1811.0, 2969.0, 355.0, -1772.0, 2965.0, 382.0, 0, 0, 0
L -1772.0, 2965.0, 382.0, -1732.0, 2961.0, 421.0, 0, 0, 0
L -1732.0, 2961.0, 421.0, -1660.0, 2892.0, 422.0, 0, 0, 0
L -1660.0, 2892.0, 422.0, -1629.0, 2882.0, 427.0, 0, 0, 0
L -1629.0, 2882.0, 427.0, -1600.0, 2877.0, 438.0, 0, 0, 0
L -1600.0, 2877.0, 438.0, -1545.0, 2862.0, 445.0, 0, 0, 0
L -1545.0, 2862.0, 445.0, -1509.0, 2840.0, 439.0, 0, 0, 0
L -1509.0, 2840.0, 439.0, -1490.0, 2833.0, 409.0, 0, 0, 0
L -1490.0, 2833.0, 409.0, -1477.0, 2834.0, 404.0, 0, 0, 0
L -1477.0, 2834.0, 404.0, -1454.0, 2835.0, 400.0, 0, 0, 0
L -1454.0, 2835.0, 400.0, -1446.0, 2834.0, 397.0, 0, 0, 0
L -1446.0, 2834.0, 397.0, -1412.0, 2824.0, 348.0, 0, 0, 0
L -1412.0, 2824.0, 348.0, -1377.0, 2844.0, 343.0, 0, 0, 0
L -1377.0, 2844.0, 343.0, -1368.0, 2847.0, 340.0, 0, 0, 0
L -1368.0, 2847.0, 340.0, -1333.0, 2853.0, 314.0, 0, 0, 0
L -1333.0, 2853.0, 314.0, -1311.0, 2856.0, 299.0, 0, 0, 0
L -1311.0, 2856.0, 299.0, -1288.0, 2863.0, 267.0, 0, 0, 0
L -1288.0, 2863.0, 267.0, -1277.0, 2866.0, 264.0, 0, 0, 0
L -1277.0, 2866.0, 264.0, -1255.0, 2869.0, 257.0, 0, 0, 0
L -1255.0, 2869.0, 257.0, -1224.0, 2870.0, 247.0, 0, 0, 0
L -1224.0, 2870.0, 247.0, -1191.0, 2863.0, 239.0, 0, 0, 0
L -1191.0, 2863.0, 239.0, -1171.0, 2858.0, 230.0, 0, 0, 0
L -1171.0, 2858.0, 230.0, -1158.0, 2852.0, 222.0, 0, 0, 0
L -1158.0, 2852.0, 222.0, -1143.0, 2826.0, 207.0, 0, 0, 0
L -1143.0, 2826.0, 207.0, -1127.0, 2802.0, 212.0, 0, 0, 0
L -1127.0, 2802.0, 212.0, -1095.0, 2755.0, 222.0, 0, 0, 0
L -1095.0, 2755.0, 222.0, -1079.0, 2741.0, 215.0, 0, 0, 0
L -1079.0, 2741.0, 215.0, -1055.0, 2734.0, 227.0, 0, 0, 0
L -1055.0, 2734.0, 227.0, -1030.0, 2727.0, 241.0, 0, 0, 0
L -1030.0, 2727.0, 241.0, -1009.0, 2725.0, 242.0, 0, 0, 0
L -1009.0, 2725.0, 242.0, -990.0, 2729.0, 253.0, 0, 0, 0
L -990.0, 2729.0, 253.0, -960.0, 2735.0, 271.0, 0, 0, 0
L -960.0, 2735.0, 271.0, -943.0, 2739.0, 272.0, 0, 0, 0
L -943.0, 2739.0, 272.0, -930.0, 2747.0, 278.0, 0, 0, 0
L -930.0, 2747.0, 278.0, -918.0, 2750.0, 280.0, 0, 0, 0
L -918.0, 2750.0, 280.0, -893.0, 2756.0, 282.0, 0, 0, 0
L -893.0, 2756.0, 282.0, -882.0, 2760.0, 282.0, 0, 0, 0
L -882.0, 2760.0, 282.0, -863.0, 2770.0, 283.0, 0, 0, 0
L -863.0, 2770.0, 283.0, -830.0, 2789.0, 290.0, 0, 0, 0
L -830.0, 2789.0, 290.0, -804.0, 2804.0, 294.0, 0, 0, 0
L -804.0, 2804.0, 294.0, -788.0, 2814.0, 288.0, 0, 0, 0
L -788.0, 2814.0, 288.0, -753.0, 2834.0, 275.0, 0, 0, 0
L -753.0, 2834.0, 275.0, -747.0, 2826.0, 245.0, 0, 0, 0
L -747.0, 2826.0, 245.0, -724.0, 2836.0, 246.0, 0, 0, 0
L -724.0, 2836.0, 246.0, -718.0, 2838.0, 248.0, 0, 0, 0
L -718.0, 2838.0, 248.0, -680.0, 2849.0, 262.0, 0, 0, 0
L -680.0, 2849.0, 262.0, -648.0, 2850.0, 262.0, 0, 0, 0
L -648.0, 2850.0, 262.0, -595.0, 2849.0, 273.0, 0, 0, 0
L -595.0, 2849.0, 273.0, -584.0, 2846.0, 277.0, 0, 0, 0
L -584.0, 2846.0, 277.0, -556.0, 2836.0, 286.0, 0, 0, 0
L -556.0, 2836.0, 286.0, -524.0, 2825.0, 295.0, 0, 0, 0
L -524.0, 2825.0, 295.0, -504.0, 2822.0, 300.0, 0, 0, 0
L -504.0, 2822.0, 300.0, -483.0, 2810.0, 298.0, 0, 0, 0
L -483.0, 2810.0, 298.0, -459.0, 2792.0, 286.0, 0, 0, 0
L -459.0, 2792.0, 286.0, -448.0, 2781.0, 277.0, 0, 0, 0
L -448.0, 2781.0, 277.0, -439.0, 2766.0, 271.0, 0, 0, 0
L -439.0, 2766.0, 271.0, -414.0, 2727.0, 293.0, 0, 0, 0
L -414.0, 2727.0, 293.0, -409.0, 2723.0, 299.0, 0, 0, 0
L -409.0, 2723.0, 299.0, -387.0, 2701.0, 319.0, 0, 0, 0
L -387.0, 2701.0, 319.0, -359.0, 2691.0, 331.0, 0, 0, 0
L -359.0, 2691.0, 331.0, -323.0, 2674.0, 342.0, 0, 0, 0
L -323.0, 2674.0, 342.0, -295.0, 2671.0, 355.0, 0, 0, 0
L -295.0, 2671.0, 355.0, -265.0, 2671.0, 372.0, 0, 0, 0
L -265.0, 2671.0, 372.0, -254.0, 2669.0, 375.0, 0, 0, 0
L -254.0, 2669.0, 375.0, -238.0, 2666.0, 376.0, 0, 0, 0
L -238.0, 2666.0, 376.0, -227.0, 2668.0, 379.0, 0, 0, 0
L -227.0, 2668.0, 379.0, -194.0, 2666.0, 387.0, 0, 0, 0
L -194.0, 2666.0, 387.0, -165.0, 2662.0, 385.0, 0, 0, 0
L -165.0, 2662.0, 385.0, -152.0, 2663.0, 371.0, 0, 0, 0
L -152.0, 2663.0, 371.0, -145.0, 2665.0, 372.0, 0, 0, 0
L -145.0, 2665.0, 372.0, -118.0, 2679.0, 373.0, 0, 0, 0
L -118.0, 2679.0, 373.0, -96.0, 2690.0, 370.0, 0, 0, 0
L -96.0, 2690.0, 370.0, -90.0, 2693.0, 368.0, 0, 0, 0
L -90.0, 2693.0, 368.0, -63.0, 2701.0, 356.0, 0, 0, 0
L -63.0, 2701.0, 356.0, -58.0, 2700.0, 344.0, 0, 0, 0
L -58.0, 2700.0, 344.0, -57.0, 2698.0, 333.0, 0, 0, 0
L -57.0, 2698.0, 333.0, -50.0, 2698.0, 320.0, 0, 0, 0
L -50.0, 2698.0, 320.0, -32.0, 2701.0, 310.0, 0, 0, 0
L -32.0, 2701.0, 310.0, -3.0, 2699.0, 305.0, 0, 0, 0
L -3.0, 2699.0, 305.0, 26.0, 2699.0, 310.0, 0, 0, 0
L 26.0, 2699.0, 310.0, 47.0, 2702.0, 315.0, 0, 0, 0
L 47.0, 2702.0, 315.0, 85.0, 2712.0, 327.0, 0, 0, 0
L 85.0, 2712.0, 327.0, 115.0, 2726.0, 339.0, 0, 0, 0
L 115.0, 2726.0, 339.0, 140.0, 2745.0, 361.0, 0, 0, 0
L 140.0, 2745.0, 361.0, 172.0, 2761.0, 366.0, 0, 0, 0
L 172.0, 2761.0, 366.0, 206.0, 2776.0, 373.0, 0, 0, 0
L 206.0, 2776.0, 373.0, 236.0, 2785.0, 380.0, 0, 0, 0
L 236.0, 2785.0, 380.0, 253.0, 2791.0, 374.0, 0, 0, 0
L 253.0, 2791.0, 374.0, 411.0, 2862.0, 462.0, 0, 0, 0
L 411.0, 2862.0, 462.0, 433.0, 2860.0, 475.0, 0, 0, 0
L 433.0, 2860.0, 475.0, 459.0, 2847.0, 479.0, 0, 0, 0
L 459.0, 2847.0, 479.0, 489.0, 2842.0, 482.0, 0, 0, 0
L 489.0, 2842.0, 482.0, 510.0, 2840.0, 488.0, 0, 0, 0
L 510.0, 2840.0, 488.0, 540.0, 2839.0, 492.0, 0, 0, 0
L 540.0, 2839.0, 492.0, 570.0, 2837.0, 492.0, 0, 0, 0
L 570.0, 2837.0, 492.0, 606.0, 2835.0, 485.0, 0, 0, 0
L 606.0, 2835.0, 485.0, 619.0, 2833.0, 484.0, 0, 0, 0
L 619.0, 2833.0, 484.0, 692.0, 2818.0, 473.0, 0, 0, 0
L 692.0, 2818.0, 473.0, 707.0, 2820.0, 475.0, 0, 0, 0
L 707.0, 2820.0, 475.0, 856.0, 2838.0, 500.0, 0, 0, 0
L 856.0, 2838.0, 500.0, 868.0, 2838.0, 500.0, 0, 0, 0
L 868.0, 2838.0, 500.0, 954.0, 2835.0, 513.0, 0, 0, 0
L 954.0, 2835.0, 513.0, 989.0, 2851.0, 514.0, 0, 0, 0
L 989.0, 2851.0, 514.0, 1012.0, 2865.0, 509.0, 0, 0, 0
L 1012.0, 2865.0, 509.0, 1024.0, 2881.0, 505.0, 0, 0, 0
L 1024.0, 2881.0, 505.0, 1043.0, 2902.0, 502.0, 0, 0, 0
L 1043.0, 2902.0, 502.0, 1073.0, 2902.0, 481.0, 0, 0, 0
L 1073.0, 2902.0, 481.0, 1982.0, 2904.0, 444.0, 0, 0, 0
L 1982.0, 2904.0, 444.0, 2788.0, 3154.0, -138.0, 0, 0, 0
L 2788.0, 3154.0, -138.0, 3442.0, 3144.0, -138.0, 0, 0, 0
L 3442.0, 3144.0, -138.0, 3444.0, 3137.0, -138.0, 0, 0, 0
L 3444.0, 3137.0, -138.0, 3453.0, 3096.0, -138.0, 0, 0, 0
L 3453.0, 3096.0, -138.0, 3457.0, 3079.0, -138.0, 0, 0, 0
L 3531.0, 2755.0, -138.0, 3536.0, 2736.0, -138.0, 0, 0, 0
L 3536.0, 2736.0, -138.0, 3571.0, 2605.0, -138.0, 0, 0, 0
L 3571.0, 2605.0, -138.0, 3629.0, 2417.0, -138.0, 0, 0, 0
L 3629.0, 2417.0, -138.0, 3631.0, 2411.0, -138.0, 0, 0, 0
L 3631.0, 2411.0, -138.0, 3791.0, 2008.0, -138.0, 0, 0, 0
L 3791.0, 2008.0, -138.0, 3802.0, 1980.0, -138.0, 0, 0, 0
L 3802.0, 1980.0, -138.0, 4284.0, 772.0, -138.0, 0, 0, 0
L 4284.0, 772.0, -138.0, 4410.0, 533.0, -138.0, 0, 0, 0
L 4410.0, 533.0, -138.0, 4410.0, -3473.0, -138.0, 0, 0, 0
L 4410.0, -3473.0, -138.0, 2174.0, -3470.0, -60.0, 0, 0, 0
L 2174.0, -3470.0, -60.0, 2178.0, -3426.0, -74.0, 0, 0, 0
L 2178.0, -3426.0, -74.0, 2182.0, -3390.0, -95.0, 0, 0, 0
L 2182.0, -3390.0, -95.0, 2184.0, -3374.0, -104.0, 0, 0, 0
L 2184.0, -3374.0, -104.0, 2187.0, -3360.0, -110.0, 0, 0, 0
L 2187.0, -3360.0, -110.0, 2189.0, -3345.0, -115.0, 0, 0, 0
L 2189.0, -3345.0, -115.0, 2192.0, -3326.0, -120.0, 0, 0, 0
L 2192.0, -3326.0, -120.0, 2195.0, -3305.0, -125.0, 0, 0, 0
L 2195.0, -3305.0, -125.0, 2198.0, -3285.0, -130.0, 0, 0, 0
L 2198.0, -3285.0, -130.0, 2201.0, -3266.0, -135.0, 0, 0, 0
L 2201.0, -3266.0, -135.0, 2204.0, -3251.0, -137.0, 0, 0, 0
L 2204.0, -3251.0, -137.0, 2205.0, -3230.0, -129.0, 0, 0, 0
L 2205.0, -3230.0, -129.0, 2216.0, -3200.0, -129.0, 0, 0, 0
L 2216.0, -3200.0, -129.0, 2228.0, -3179.0, -128.0, 0, 0, 0
L 2228.0, -3179.0, -128.0, 2234.0, -3165.0, -124.0, 0, 0, 0
L 2234.0, -3165.0, -124.0, 2258.0, -3097.0, -119.0, 0, 0, 0
L 2258.0, -3097.0, -119.0, 2263.0, -3086.0, -112.0, 0, 0, 0
L 2263.0, -3086.0, -112.0, 2275.0, -3062.0, -110.0, 0, 0, 0
L 2275.0, -3062.0, -110.0, 2280.0, -3053.0, -138.0, 0, 0, 0
L 2280.0, -3053.0, -138.0, 2275.0, -3031.0, -138.0, 0, 0, 0
L 2275.0, -3031.0, -138.0, 2273.0, -2954.0, -138.0, 0, 0, 0
L 2273.0, -2954.0, -138.0, 2267.0, -2901.0, -130.0, 0, 0, 0
L 2267.0, -2901.0, -130.0, 2266.0, -2895.0, -129.0, 0, 0, 0
L 2266.0, -2895.0, -129.0, 2263.0, -2876.0, -128.0, 0, 0, 0
L 2263.0, -2876.0, -128.0, 2258.0, -2838.0, -127.0, 0, 0, 0
L 2258.0, -2838.0, -127.0, 2256.0, -2818.0, -128.0, 0, 0, 0
L 2256.0, -2818.0, -128.0, 2254.0, -2806.0, -125.0, 0, 0, 0
L 2254.0, -2806.0, -125.0, 2249.0, -2786.0, -111.0, 0, 0, 0
L 2249.0, -2786.0, -111.0, 2240.0, -2762.0, -84.0, 0, 0, 0
L 2240.0, -2762.0, -84.0, 2231.0, -2738.0, -64.0, 0, 0, 0
L 2231.0, -2738.0, -64.0, 2220.0, -2710.0, -48.0, 0, 0, 0
L 2220.0, -2710.0, -48.0, 2196.0, -2650.0, -26.0, 0, 0, 0
L 2196.0, -2650.0, -26.0, 2188.0, -2626.0, -25.0, 0, 0, 0
L 2188.0, -2626.0, -25.0, 2183.0, -2599.0, -17.0, 0, 0, 0
L 2183.0, -2599.0, -17.0, 2183.0, -2578.0, -7.0, 0, 0, 0
L 2183.0, -2578.0, -7.0, 2178.0, -2543.0, -3.0, 0, 0, 0
L 2178.0, -2543.0, -3.0, 2176.0, -2521.0, 2.0, 0, 0, 0
L 2176.0, -2521.0, 2.0, 2173.0, -2493.0, 3.0, 0, 0, 0
L 2173.0, -2493.0, 3.0, 2172.0, -2482.0, 0.0, 0, 0, 0
L 2172.0, -2482.0, 0.0, 2171.0, -2463.0, -4.0, 0, 0, 0
L 2171.0, -2463.0, -4.0, 2170.0, -2451.0, -7.0, 0, 0, 0
L 2170.0, -2451.0, -7.0, 2165.0, -2422.0, -11.0, 0, 0, 0
L 2165.0, -2422.0, -11.0, 2159.0, -2395.0, -3.0, 0, 0, 0
L 2159.0, -2395.0, -3.0, 2155.0, -2378.0, -1.0, 0, 0, 0
L 2155.0, -2378.0, -1.0, 2152.0, -2364.0, 0.0, 0, 0, 0
L 2152.0, -2364.0, 0.0, 2148.0, -2347.0, 1.0, 0, 0, 0
L 2148.0, -2347.0, 1.0, 2143.0, -2323.0, 6.0, 0, 0, 0
L 2143.0, -2323.0, 6.0, 2135.0, -2288.0, 0.0, 0, 0, 0
L 2135.0, -2288.0, 0.0, 2132.0, -2270.0, -3.0, 0, 0, 0
L 2132.0, -2270.0, -3.0, 2131.0, -2226.0, -10.0, 0, 0, 0
L 2131.0, -2226.0, -10.0, 2132.0, -2169.0, -14.0, 0, 0, 0
L 2132.0, -2169.0, -14.0, 2134.0, -2147.0, -16.0, 0, 0, 0
L 2134.0, -2147.0, -16.0, 2135.0, -2127.0, -12.0, 0, 0, 0
L 2135.0, -2127.0, -12.0, 2136.0, -2094.0, 10.0, 0, 0, 0
L 2136.0, -2094.0, 10.0, 2136.0, -2088.0, 17.0, 0, 0, 0
L 2136.0, -2088.0, 17.0, 2134.0, -2030.0, 55.0, 0, 0, 0
L 2134.0, -2030.0, 55.0, 2134.0, -2002.0, 56.0, 0, 0, 0
L 2134.0, -2002.0, 56.0, 2133.0, -1976.0, 57.0, 0, 0, 0
L 2133.0, -1976.0, 57.0, 2133.0, -1939.0, 60.0, 0, 0, 0
L 2133.0, -1939.0, 60.0, 2132.0, -1895.0, 51.0, 0, 0, 0
L 2132.0, -1895.0, 51.0, 2130.0, -1884.0, 45.0, 0, 0, 0
L 2130.0, -1884.0, 45.0, 2122.0, -1852.0, 42.0, 0, 0, 0
L 2122.0, -1852.0, 42.0, 2120.0, -1836.0, 41.0, 0, 0, 0
L 2120.0, -1836.0, 41.0, 2126.0, -1822.0, 42.0, 0, 0, 0
L 2126.0, -1822.0, 42.0, 2135.0, -1797.0, 45.0, 0, 0, 0
L 2135.0, -1797.0, 45.0, 2138.0, -1781.0, 62.0, 0, 0, 0
L 2138.0, -1781.0, 62.0, 2147.0, -1760.0, 69.0, 0, 0, 0
L 2147.0, -1760.0, 69.0, 2158.0, -1747.0, 69.0, 0, 0, 0
L 2158.0, -1747.0, 69.0, 2177.0, -1724.0, 60.0, 0, 0, 0
L 2177.0, -1724.0, 60.0, 2182.0, -1717.0, 19.0, 0, 0, 0
L 2182.0, -1717.0, 19.0, 2185.0, -1709.0, 8.0, 0, 0, 0
L 2185.0, -1709.0, 8.0, 2189.0, -1689.0, -1.0, 0, 0, 0
L 2189.0, -1689.0, -1.0, 2191.0, -1677.0, -7.0, 0, 0, 0
L 2191.0, -1677.0, -7.0, 2193.0, -1649.0, -23.0, 0, 0, 0
L 2193.0, -1649.0, -23.0, 2195.0, -1619.0, -36.0, 0, 0, 0
L 2195.0, -1619.0, -36.0, 2198.0, -1589.0, -40.0, 0, 0, 0
L 2198.0, -1589.0, -40.0, 2200.0, -1564.0, -44.0, 0, 0, 0
L 2200.0, -1564.0, -44.0, 2204.0, -1538.0, -57.0, 0, 0, 0
L 2204.0, -1538.0, -57.0, 2205.0, -1469.0, -34.0, 0, 0, 0
L 2205.0, -1469.0, -34.0, 2206.0, -1452.0, -21.0, 0, 0, 0
L 2206.0, -1452.0, -21.0, 2206.0, -1436.0, -10.0, 0, 0, 0
L 2206.0, -1436.0, -10.0, 2207.0, -1420.0, 1.0, 0, 0, 0
L 2207.0, -1420.0, 1.0, 2207.0, -1406.0, 13.0, 0, 0, 0
L 2207.0, -1406.0, 13.0, 2208.0, -1392.0, 26.0, 0, 0, 0
L 2208.0, -1392.0, 26.0, 2208.0, -1374.0, 42.0, 0, 0, 0
L 2208.0, -1374.0, 42.0, 2209.0, -1361.0, 54.0, 0, 0, 0
L 2209.0, -1361.0, 54.0, 2214.0, -1342.0, 72.0, 0, 0, 0
L 2214.0, -1342.0, 72.0, 2228.0, -1319.0, 101.0, 0, 0, 0
L 2228.0, -1319.0, 101.0, 2234.0, -1307.0, 114.0, 0, 0, 0
L 2234.0, -1307.0, 114.0, 2239.0, -1291.0, 124.0, 0, 0, 0
L 2239.0, -1291.0, 124.0, 2251.0, -1269.0, 136.0, 0, 0, 0
L 2251.0, -1269.0, 136.0, 2264.0, -1254.0, 131.0, 0, 0, 0
L 2264.0, -1254.0, 131.0, 2272.0, -1232.0, 129.0, 0, 0, 0
L 2272.0, -1232.0, 129.0, 2275.0, -1225.0, 131.0, 0, 0, 0
L 2275.0, -1225.0, 131.0, 2294.0, -1195.0, 152.0, 0, 0, 0
L 2294.0, -1195.0, 152.0, 2302.0, -1189.0, 154.0, 0, 0, 0
L 2302.0, -1189.0, 154.0, 2327.0, -1170.0, 139.0, 0, 0, 0
L 2327.0, -1170.0, 139.0, 2335.0, -1156.0, 136.0, 0, 0, 0
L 2335.0, -1156.0, 136.0, 2353.0, -1128.0, 142.0, 0, 0, 0
L 2353.0, -1128.0, 142.0, 2368.0, -1115.0, 146.0, 0, 0, 0
L 2368.0, -1115.0, 146.0, 2380.0, -1105.0, 149.0, 0, 0, 0
L 2380.0, -1105.0, 149.0, 2394.0, -1098.0, 153.0, 0, 0, 0
L 2394.0, -1098.0, 153.0, 2415.0, -1087.0, 158.0, 0, 0, 0
L 2415.0, -1087.0, 158.0, 2428.0, -1079.0, 143.0, 0, 0, 0
L 2428.0, -1079.0, 143.0, 2440.0, -1062.0, 86.0, 0, 0, 0
L 2440.0, -1062.0, 86.0, 2443.0, -1045.0, 69.0, 0, 0, 0
L 2443.0, -1045.0, 69.0, 2446.0, -1029.0, 57.0, 0, 0, 0
L 2446.0, -1029.0, 57.0, 2464.0, -1020.0, 59.0, 0, 0, 0
L 2464.0, -1020.0, 59.0, 2493.0, -1005.0, 61.0, 0, 0, 0
L 2493.0, -1005.0, 61.0, 2505.0, -997.0, -5.0, 0, 0, 0
L 2505.0, -997.0, -5.0, 2507.0, -981.0, -19.0, 0, 0, 0
L 2507.0, -981.0, -19.0, 2508.0, -952.0, -24.0, 0, 0, 0
L 2508.0, -952.0, -24.0, 2525.0, -950.0, -23.0, 0, 0, 0
L 2525.0, -950.0, -23.0, 2547.0, -949.0, -25.0, 0, 0, 0
L 2547.0, -949.0, -25.0, 2559.0, -949.0, -27.0, 0, 0, 0
L 2559.0, -949.0, -27.0, 2575.0, -950.0, -30.0, 0, 0, 0
L 2575.0, -950.0, -30.0, 2587.0, -949.0, -30.0, 0, 0, 0
L 2587.0, -949.0, -30.0, 2626.0, -944.0, -30.0, 0, 0, 0
L 2626.0, -944.0, -30.0, 2642.0, -945.0, -30.0, 0, 0, 0
L 2642.0, -945.0, -30.0, 2682.0, -944.0, -25.0, 0, 0, 0
L 2682.0, -944.0, -25.0, 2697.0, -944.0, -23.0, 0, 0, 0
L 2697.0, -944.0, -23.0, 2712.0, -946.0, -21.0, 0, 0, 0
L 2712.0, -946.0, -21.0, 2778.0, -941.0, -14.0, 0, 0, 0
L 2778.0, -941.0, -14.0, 2800.0, -927.0, -9.0, 0, 0, 0
L 2800.0, -927.0, -9.0, 2813.0, -914.0, -36.0, 0, 0, 0
L 2813.0, -914.0, -36.0, 2792.0, -907.0, -17.0, 0, 0, 0
L 2792.0, -907.0, -17.0, 2754.0, -896.0, 13.0, 0, 0, 0
L 2754.0, -896.0, 13.0, 2733.0, -900.0, 27.0, 0, 0, 0
L 2733.0, -900.0, 27.0, 2722.0, -914.0, 25.0, 0, 0, 0
L 2933.0, -822.0, -131.0, 2955.0, -816.0, -134.0, 0, 0, 255
L 2955.0, -816.0, -134.0, 2974.0, -808.0, -133.0, 0, 0, 255
L 2974.0, -808.0, -133.0, 2990.0, -797.0, -132.0, 0, 0, 255
L 2990.0, -797.0, -132.0, 3002.0, -792.0, -132.0, 0, 0, 255
L 3002.0, -792.0, -132.0, 3020.0, -780.0, -135.0, 0, 0, 255
L 3020.0, -780.0, -135.0, 3028.0, -762.0, -132.0, 0, 0, 255
L 3028.0, -762.0, -132.0, 3047.0, -755.0, -131.0, 0, 0, 255
L 3047.0, -755.0, -131.0, 3058.0, -752.0, -129.0, 0, 0, 255
L 3058.0, -752.0, -129.0, 3089.0, -749.0, -130.0, 0, 0, 255
L 3089.0, -749.0, -130.0, 3126.0, -749.0, -133.0, 0, 0, 255
L 3126.0, -749.0, -133.0, 3139.0, -746.0, -134.0, 0, 0, 255
L 3139.0, -746.0, -134.0, 3156.0, -742.0, -134.0, 0, 0, 255
L 3156.0, -742.0, -134.0, 3175.0, -741.0, -135.0, 0, 0, 255
L 3175.0, -741.0, -135.0, 3186.0, -738.0, -135.0, 0, 0, 255
L 3186.0, -738.0, -135.0, 3203.0, -732.0, -135.0, 0, 0, 255
L 3203.0, -732.0, -135.0, 3221.0, -691.0, -135.0, 0, 0, 255
L 3221.0, -691.0, -135.0, 3226.0, -679.0, -134.0, 0, 0, 255
L 3226.0, -679.0, -134.0, 3254.0, -658.0, -135.0, 0, 0, 255
L 3254.0, -658.0, -135.0, 3259.0, -643.0, -135.0, 0, 0, 255
L 3259.0, -643.0, -135.0, 3262.0, -613.0, -135.0, 0, 0, 255
L 3262.0, -613.0, -135.0, 3266.0, -577.0, -134.0, 0, 0, 255
L 3266.0, -577.0, -134.0, 3266.0, -567.0, -135.0, 0, 0, 255
L 3266.0, -567.0, -135.0, 3268.0, -523.0, -135.0, 0, 0, 255
L 3268.0, -523.0, -135.0, 3271.0, -494.0, -135.0, 0, 0, 255
L 3271.0, -494.0, -135.0, 3272.0, -473.0, -135.0, 0, 0, 255
L 3272.0, -473.0, -135.0, 3272.0, -462.0, -135.0, 0, 0, 255
L 3272.0, -462.0, -135.0, 3278.0, -439.0, -135.0, 0, 0, 255
L 3278.0, -439.0, -135.0, 3282.0, -411.0, -135.0, 0, 0, 255
L 3282.0, -411.0, -135.0, 3284.0, -398.0, -135.0, 0, 0, 255
L 3284.0, -398.0, -135.0, 3298.0, -362.0, -135.0, 0, 0, 255
L 3298.0, -362.0, -135.0, 3300.0, -343.0, -135.0, 0, 0, 255
L 3300.0, -343.0, -135.0, 3315.0, -312.0, -135.0, 0, 0, 255
L 3315.0, -312.0, -135.0, 3319.0, -299.0, -135.0, 0, 0, 255
L 3319.0, -299.0, -135.0, 3317.0, -272.0, -135.0, 0, 0, 255
L 3317.0, -272.0, -135.0, 3315.0, -254.0, -135.0, 0, 0, 255
L 3315.0, -254.0, -135.0, 3315.0, -248.0, -135.0, 0, 0, 255
L 3315.0, -248.0, -135.0, 3312.0, -225.0, -135.0, 0, 0, 255
L 3312.0, -225.0, -135.0, 3299.0, -202.0, -135.0, 0, 0, 255
L 3299.0, -202.0, -135.0, 3286.0, -183.0, -135.0, 0, 0, 255
L 3286.0, -183.0, -135.0, 3262.0, -152.0, -135.0, 0, 0, 255
L 3262.0, -152.0, -135.0, 3224.0, -124.0, -135.0, 0, 0, 255
L 3224.0, -124.0, -135.0, 3190.0, -100.0, -135.0, 0, 0, 255
L 3190.0, -100.0, -135.0, 3181.0, -93.0, -135.0, 0, 0, 255
L 3181.0, -93.0, -135.0, 3152.0, -65.0, -135.0, 0, 0, 255
L 3152.0, -65.0, -135.0, 3123.0, -35.0, -135.0, 0, 0, 255
L 3123.0, -35.0, -135.0, 3101.0, -19.0, -135.0, 0, 0, 255
L 3101.0, -19.0, -135.0, 3078.0, -7.0, -135.0, 0, 0, 255
L 3078.0, -7.0, -135.0, 3067.0, -3.0, -135.0, 0, 0, 255
L 3067.0, -3.0, -135.0, 3036.0, 14.0, -135.0, 0, 0, 255
L 3036.0, 14.0, -135.0, 3021.0, 26.0, -135.0, 0, 0, 255
L 3021.0, 26.0, -135.0, 2981.0, 59.0, -135.0, 0, 0, 255
L 2981.0, 59.0, -135.0, 2973.0, 65.0, -135.0, 0, 0, 255
L 2973.0, 65.0, -135.0, 2953.0, 90.0, -135.0, 0, 0, 255
L 2953.0, 90.0, -135.0, 2928.0, 125.0, -135.0, 0, 0, 255
L 2928.0, 125.0, -135.0, 2925.0, 145.0, -135.0, 0, 0, 255
L 3448.1, -1895.7, -90.5, 3465.0, -1894.0, -91.0, 0, 0, 0
L 3465.0, -1894.0, -91.0, 3473.0, -1914.0, -87.0, 0, 0, 0
L 2821.8, 833.4, -133.5, 2834.8, 891.4, -133.4, 0, 0, 255
L 3005.6, 2047.2, -133.3, 3001.7, 2080.7, -133.4, 0, 0, 255
L 3493.3, -1809.1, -116.9, 3454.2, -1815.9, -116.9, 0, 0, 0
L 3493.3, -1809.1, -116.9, 3481.7, -1743.1, -116.9, 0, 0, 0
L 3482.2, -1934.8, -87.4, 3473.0, -1914.0, -87.0, 0, 0, 0
L 3457.0, 3079.0, -138.0, 3531.0, 2755.0, -138.0, 0, 0, 0
