L -2260.4126, 1665.6602, 550.6288,  -2269.9573, 1659.7183, 550.6635,  0, 0, 240
L -2269.9573, 1659.7183, 551.9955,  -2271.9683, 1651.6492, 556.1744,  0, 0, 240
L -2271.9683, 1651.6492, 557.5956,  -2269.4131, 1642.3418, 559.7200,  0, 0, 240
L -2269.4131, 1642.3418, 559.7200,  -2262.6038, 1635.5990, 558.0336,  0, 0, 240
L -2262.6038, 1635.5990, 558.0336,  -2253.1736, 1631.9290, 556.9446,  0, 0, 240
L -2253.1736, 1631.9290, 556.9446,  -2243.0496, 1631.6476, 550.6426,  0, 0, 240
L -2243.0496, 1631.6476, 550.6426,  -2235.6023, 1637.9347, 550.7166,  0, 0, 240
L -2235.6023, 1637.9347, 550.7166,  -2230.6768, 1646.6500, 550.7156,  0, 0, 240
L -2230.6768, 1646.6500, 550.7156,  -2231.8081, 1657.4668, 550.7147,  0, 0, 240
L -2231.8081, 1657.4668, 550.7147,  -2239.6365, 1664.5714, 550.6523,  0, 0, 240
L -2239.6365, 1664.5714, 550.6523,  -2249.4485, 1667.1782, 550.6909,  0, 0, 240
L -2249.4485, 1667.1782, 550.6909,  -2260.4126, 1665.6602, 550.7045,  0, 0, 240
L -2049.1692, 1987.9271, 558.7189,  -1991.5546, 1939.5562, 561.4998,  127, 127, 127
L -1991.5546, 1939.5562, 561.4998,  -1793.1470, 1782.5347, 561.3790,  127, 127, 127
L -1793.1470, 1782.5347, 561.3790,  -1785.3301, 1767.9380, 562.9697,  127, 127, 127
L -1785.3301, 1767.9380, 562.9697,  -1781.1648, 1764.7660, 569.2444,  127, 127, 127
L -1781.1648, 1764.7660, 569.2444,  -1785.5155, 1753.9501, 561.1285,  127, 127, 127
L -1785.5155, 1753.9501, 561.1285,  -1785.0358, 1749.4042, 560.7462,  127, 127, 127
L -1785.0358, 1749.4042, 560.7462,  -1792.1559, 1742.7885, 560.6056,  127, 127, 127
L -1792.1559, 1742.7885, 560.6056,  -1788.7888, 1733.6243, 560.3627,  127, 127, 127
L -1788.7888, 1733.6243, 560.3627,  -1784.2791, 1731.4850, 560.2925,  127, 127, 127
L -1784.2791, 1731.4850, 560.2925,  -1780.1760, 1731.6693, 559.4632,  127, 127, 127
L -1780.1760, 1731.6693, 559.4632,  -1774.0448, 1737.9241, 556.6592,  127, 127, 127
L -1774.0448, 1737.9241, 556.6592,  -1775.5154, 1744.4269, 557.4908,  127, 127, 127
L -1775.5154, 1744.4269, 557.4908,  -1766.0255, 1739.2268, 552.8581,  127, 127, 127
L -1766.0255, 1739.2268, 552.8581,  -1769.1201, 1734.6030, 554.2419,  127, 127, 127
L -1769.1201, 1734.6030, 554.2419,  -1775.2285, 1729.6306, 557.0580,  127, 127, 127
L -1775.2285, 1729.6306, 557.0580,  -1774.2432, 1720.7223, 556.4141,  127, 127, 127
L -1774.2432, 1720.7223, 556.4141,  -1769.4552, 1712.7437, 554.4247,  127, 127, 127
L -1769.4552, 1712.7437, 554.4247,  -1768.7881, 1708.9352, 555.2955,  127, 127, 127
L -1768.7881, 1708.9352, 555.2955,  -1766.9843, 1704.4286, 555.8790,  127, 127, 127
L -1766.9843, 1704.4286, 555.8790,  -1764.4684, 1702.3108, 555.7195,  127, 127, 127
L -1764.4684, 1702.3108, 555.7195,  -1755.3253, 1702.6793, 551.2623,  127, 127, 127
L -1755.3253, 1702.6793, 551.2623,  -1746.3589, 1709.6450, 546.6349,  127, 127, 127
L -1746.3589, 1709.6450, 546.6349,  -1747.0486, 1716.7987, 545.9069,  127, 127, 127
L -1747.0486, 1716.7987, 545.9068,  -1740.7838, 1714.7372, 541.1356,  127, 127, 127
L -1740.7838, 1714.7372, 541.1356,  -1737.7725, 1717.6793, 538.9455,  127, 127, 127
L -1737.7725, 1717.6793, 538.9455,  -1737.4624, 1728.5365, 539.0110,  127, 127, 127
L -1737.4624, 1728.5365, 539.0110,  -1745.3777, 1731.3594, 542.8437,  127, 127, 127
L -1746.4341, 1728.4011, 543.7188,  -1747.6587, 1722.8164, 546.6976,  127, 127, 127
L -1747.6587, 1722.8164, 546.6976,  -1752.4835, 1737.7053, 546.3638,  127, 127, 127
L -1752.4835, 1737.7053, 546.3638,  -1761.1471, 1739.3811, 550.5325,  127, 127, 127
L -1761.1471, 1739.3811, 550.5325,  -1751.5813, 1743.1216, 546.0391,  127, 127, 127
L -1751.5813, 1743.1216, 546.0391,  -1746.7936, 1752.7523, 542.7899,  127, 127, 127
L -1746.7936, 1752.7523, 542.7899,  -1754.2069, 1764.1858, 545.2920,  127, 127, 127
L -1754.2069, 1764.1858, 545.2920,  -1761.2577, 1768.9379, 552.7422,  127, 127, 127
L -1761.2577, 1768.9379, 552.7422,  -1757.1814, 1775.8656, 544.8937,  127, 127, 127
L -1757.1814, 1775.8656, 544.8937,  -1752.0221, 1782.1045, 544.6909,  127, 127, 127
L -1752.0221, 1782.1045, 544.6909,  -1754.1837, 1790.9684, 552.7499,  127, 127, 127
L -1754.1837, 1790.9684, 552.7499,  -1761.1074, 1797.2374, 562.3958,  127, 127, 127
L -1761.1074, 1797.2374, 562.3958,  -1764.6016, 1796.2678, 564.2427,  127, 127, 127
L -1764.6016, 1796.2678, 564.2427,  -1768.6702, 1792.0775, 564.1583,  127, 127, 127
L -1768.6702, 1792.0775, 564.1583,  -1783.0203, 1787.6973, 570.6568,  127, 127, 127
L -1783.0203, 1787.6973, 570.6568,  -1786.8040, 1788.1880, 569.3079,  127, 127, 127
L -1786.8040, 1788.1880, 569.3079,  -1791.3826, 1783.2465, 562.6826,  127, 127, 127
L -1766.1913, 1705.8534, 556.1940,  -1778.4054, 1530.2648, 561.3539,  127, 127, 127
L -1778.4054, 1530.2648, 561.3539,  -1776.1377, 1408.1378, 548.1519,  127, 127, 127
L -1776.1377, 1408.1370, 548.1514,  -1772.6111, 1277.3971, 530.7129,  127, 127, 127
L -2266.0005, 1020.2186, 567.1884,  -2191.3108, 1036.0049, 561.6110,  127, 127, 127
L -2191.3108, 1036.0049, 561.6110,  -2052.2212, 1056.1881, 543.3817,  127, 127, 127
L -2052.2212, 1056.1881, 543.3817,  -2048.5928, 1119.0927, 559.1514,  127, 127, 127
L -2048.5928, 1119.0927, 559.1514,  -1979.5343, 1126.7621, 552.4289,  127, 127, 127
L -1979.5343, 1126.7621, 552.4289,  -1913.5508, 1134.1576, 533.5311,  127, 127, 127
L -1913.5508, 1134.1576, 533.5311,  -1825.5735, 1144.1587, 486.4888,  127, 127, 127
L -1825.5735, 1144.1587, 486.4888,  -1630.2244, 1166.1172, 434.3494,  127, 127, 127
L -1630.2244, 1166.1172, 434.3494,  -1629.9561, 1180.9055, 434.2108,  127, 127, 127
L -1841.8965, 1210.8816, 498.2412,  -1912.4690, 1256.1238, 543.6263,  127, 127, 127
L -1904.4552, 1258.9159, 543.6534,  -1772.4977, 1275.5463, 530.5281,  127, 127, 127
L -1500.7515, 1563.8870, 384.5595,  -1434.7013, 1571.0696, 379.1498,  127, 127, 127
L -1434.7013, 1571.0696, 379.1498,  -1434.9347, 1693.5952, 356.7478,  127, 127, 127
L -1434.9347, 1693.5952, 356.7478,  -1433.3220, 1754.4424, 342.9284,  127, 127, 127
L -1433.3220, 1754.4424, 342.9284,  -1371.6433, 1767.4409, 328.1645,  127, 127, 127
L -1371.6433, 1767.4409, 328.1645,  -1368.6873, 1828.8466, 323.7086,  127, 127, 127
L -1368.6873, 1828.8466, 323.7086,  -1307.5033, 1835.0043, 327.4724,  127, 127, 127
L -1307.5033, 1835.0043, 327.4724,  -1305.2400, 1864.7565, 325.7871,  127, 127, 127
L -1328.5514, 1903.1309, 320.3928,  -1373.2141, 1936.7208, 311.9874,  127, 127, 127
L -1373.2141, 1936.7208, 311.9874,  -1443.9561, 1989.6720, 302.7332,  127, 127, 127
L -1443.9561, 1989.6720, 302.7332,  -1517.7975, 2050.1758, 285.1812,  127, 127, 127
L -1517.7975, 2050.1758, 285.1812,  -1555.5458, 2080.7664, 281.5077,  127, 127, 127
L -1555.5458, 2080.7664, 281.5077,  -1555.5458, 2080.7664, 281.5077,  127, 127, 127
L -1586.4015, 2104.3428, 274.1877,  -1645.9916, 2152.3777, 254.8191,  127, 127, 127
L -1646.0222, 2152.4009, 254.8026,  -1717.5033, 2205.7732, 219.0973,  127, 127, 127
L -1717.5033, 2205.7732, 219.0973,  -1660.8596, 2216.4956, 200.2488,  127, 127, 127
L -1660.8596, 2216.4956, 200.2488,  -1599.7527, 2174.5828, 177.0318,  127, 127, 127
L -1599.7527, 2174.5828, 177.0318,  -1569.8035, 2154.0237, 166.2147,  127, 127, 127
L -1569.7953, 2154.0181, 166.2113,  -1510.4208, 2105.3269, 152.3589,  127, 127, 127
L -1485.1979, 2084.3516, 146.7873,  -1408.9036, 2026.2705, 130.9843,  127, 127, 127
L -1377.5332, 2002.3989, 121.5299,  -1320.1272, 1963.4734, 98.5635,  127, 127, 127
L -1319.8494, 1963.2876, 98.5569,  -1261.0867, 1917.6240, 96.4028,  127, 127, 127
L -1261.0867, 1917.6240, 96.4028,  -1222.5220, 1875.4564, 86.0419,  127, 127, 127
L -1222.5220, 1875.4564, 86.0419,  -1223.9503, 1827.6868, 29.6895,  127, 127, 127
L -1223.9503, 1827.6868, 29.6895,  -1224.7218, 1721.6848, 30.3576,  127, 127, 127
L -1224.7218, 1721.6848, 30.3576,  -1292.8545, 1715.6450, 35.8224,  127, 127, 127
L -1292.8545, 1715.6450, 35.8224,  -1293.7047, 1656.9115, 28.5121,  127, 127, 127
L -1294.1653, 1654.5922, 28.1590,  -1360.9614, 1644.8792, 51.6752,  127, 127, 127
L -1360.9614, 1644.8792, 51.6751,  -1363.1841, 1581.5509, 44.5081,  127, 127, 127
L -1363.1841, 1581.5509, 44.5081,  -1427.0103, 1511.0293, 63.7760,  127, 127, 127
L -1427.0103, 1511.0293, 63.7760,  -1359.4363, 1447.5105, 21.9108,  127, 127, 127
L -1359.4363, 1445.4026, 21.9530,  -1360.1820, 1384.8932, 23.7342,  127, 127, 127
L -1360.1820, 1384.8932, 23.7342,  -1428.2321, 1372.5011, 44.2055,  127, 127, 127
L -1428.2321, 1372.5011, 44.2055,  -1421.7096, 1233.1140, 37.9222,  127, 127, 127
L -1421.7096, 1233.1140, 37.9222,  -1484.9988, 1237.2892, 44.2929,  127, 127, 127
L -1484.9988, 1237.2892, 44.2929,  -1489.3866, 1169.9218, 35.6243,  127, 127, 127
L -1489.3866, 1169.9218, 35.6243,  -1554.9258, 1169.3756, 38.4660,  127, 127, 127
L -1554.9258, 1169.3756, 38.4660,  -1552.8224, 1103.5314, 32.3386,  127, 127, 127
L -1552.8224, 1103.5314, 32.3386,  -1551.0691, 1043.1167, 59.6875,  127, 127, 127
L -1551.0691, 1043.1167, 59.6875,  -1546.5745, 1006.8213, 66.8634,  127, 127, 127
L -1546.5745, 1006.8213, 66.8633,  -1544.4579, 967.9308, 78.0643,  127, 127, 127
L -1543.9065, 965.6130, 78.4181,  -1536.9077, 886.3240, 99.3345,  127, 127, 127
L -1567.4435, 1107.9761, 66.6282,  -1603.0956, 1084.9059, 148.1237,  127, 127, 127
L -1603.0956, 1084.9059, 148.1237,  -1603.0956, 1084.9059, 148.1237,  127, 127, 127
L -1603.0956, 1084.9059, 148.1237,  -1633.4729, 1032.3646, 138.5622,  127, 127, 127
L -1633.4729, 1032.3646, 138.5622,  -1653.6454, 1005.8311, 151.2113,  127, 127, 127
L -1653.7770, 1005.6962, 151.2113,  -1716.0365, 941.8499, 186.3747,  127, 127, 127
L -1716.0365, 941.8499, 186.3747,  -1756.5480, 902.0273, 168.5841,  127, 127, 127
L -1756.5480, 902.0273, 168.5841,  -1854.1663, 891.6600, 198.2269,  127, 127, 127
L -1856.0126, 891.4088, 198.7851,  -2035.3109, 880.2394, 269.3897,  127, 127, 127
L -2035.3109, 880.2394, 269.3897,  -2104.9292, 865.7891, 305.4435,  127, 127, 127
L -2104.9292, 865.7891, 305.4434,  -2102.0574, 799.3351, 307.6206,  127, 127, 127
L -2102.0574, 799.3351, 307.6206,  -2102.0574, 799.3351, 307.6206,  127, 127, 127
L -1917.0413, 764.2892, 214.3762,  -1901.4691, 761.4285, 211.0385,  127, 127, 127
L -1901.4691, 761.4285, 211.0385,  -1890.1515, 753.0402, 205.7883,  127, 127, 127
L -1890.1515, 753.0402, 205.7883,  -1865.3701, 754.1522, 197.4025,  127, 127, 127
L -1865.3701, 754.1522, 197.4025,  -1846.7307, 765.6389, 191.8238,  127, 127, 127
L -1846.7307, 765.6389, 191.8238,  -1827.1880, 790.6880, 184.8693,  127, 127, 127
L -1827.1880, 790.6880, 184.8693,  -1824.8938, 824.6281, 180.5909,  127, 127, 127
L -1824.8938, 824.6281, 180.5909,  -1826.8579, 834.6294, 180.0204,  127, 127, 127
L -1826.8579, 834.6294, 180.0204,  -1833.5896, 842.4438, 183.5502,  127, 127, 127
L -1833.5896, 842.4438, 183.5502,  -1839.6897, 852.4487, 187.5278,  127, 127, 127
L -1839.6897, 852.4487, 187.5278,  -1856.9839, 861.3525, 194.6391,  127, 127, 127
L -1856.9839, 861.3525, 194.6391,  -1863.8777, 869.4075, 198.4348,  127, 127, 127
L -1863.8777, 869.4075, 198.4348,  -1867.8087, 870.9396, 202.6147,  127, 127, 127
L -1867.8087, 870.9396, 202.6147,  -1893.3009, 842.8260, 202.5177,  127, 127, 127
L -1893.3009, 842.8260, 202.5177,  -1906.7732, 819.3185, 206.1455,  127, 127, 127
L -1906.7732, 819.3185, 206.1455,  -1914.4939, 795.6888, 211.3876,  127, 127, 127
L -1914.4939, 795.6888, 211.3876,  -1916.9807, 764.6819, 214.3291,  127, 127, 127
L -2133.1045, 694.3436, 331.6049,  -2144.7549, 693.0378, 338.9473,  127, 127, 127
L -2144.7549, 693.0378, 338.9473,  -2158.7764, 685.8495, 348.0672,  127, 127, 127
L -2158.7764, 685.8495, 348.0672,  -2157.1897, 670.3185, 347.2891,  127, 127, 127
L -2157.1897, 670.3185, 347.2891,  -2160.3340, 657.3038, 349.5278,  127, 127, 127
L -2160.3340, 657.3038, 349.5278,  -2155.2830, 638.2188, 345.2751,  127, 127, 127
L -2155.2830, 638.2188, 345.2751,  -2152.7344, 631.7001, 343.8730,  127, 127, 127
L -2152.7344, 631.7001, 343.8730,  -2139.3208, 616.7581, 334.8997,  127, 127, 127
L -2139.3208, 616.7581, 334.8997,  -2113.3340, 606.3680, 319.0368,  127, 127, 127
L -2113.3340, 606.3680, 319.0368,  -2114.3755, 588.0030, 319.2141,  127, 127, 127
L -2114.3755, 588.0030, 319.2141,  -2108.7891, 578.1695, 316.0676,  127, 127, 127
L -2108.7891, 578.1695, 316.0676,  -2099.1770, 570.1451, 310.5329,  127, 127, 127
L -2099.1770, 570.1451, 310.5329,  -2087.0386, 576.9738, 303.3191,  127, 127, 127
L -2087.0386, 576.9738, 303.3191,  -2079.5928, 579.9866, 299.1105,  127, 127, 127
L -2079.5928, 579.9866, 299.1105,  -2076.7891, 584.3463, 297.6794,  127, 127, 127
L -2076.7891, 584.3463, 297.6794,  -2068.2793, 589.5536, 293.3167,  127, 127, 127
L -2068.2793, 589.5536, 293.3167,  -2055.9888, 599.9789, 286.4889,  127, 127, 127
L -2055.9888, 599.9789, 286.4889,  -2062.0352, 609.4625, 289.6227,  127, 127, 127
L -2062.0352, 609.4625, 289.6227,  -2063.9661, 616.2278, 290.6332,  127, 127, 127
L -2063.9661, 616.2278, 290.6332,  -2064.7200, 632.3655, 291.0308,  127, 127, 127
L -2064.7200, 632.3655, 291.0308,  -2057.2356, 672.9310, 285.8550,  127, 127, 127
L -2057.2356, 672.9310, 285.8550,  -2089.6167, 686.6049, 303.8829,  127, 127, 127
L -2089.6167, 686.6049, 303.8829,  -2111.7571, 692.9756, 317.8711,  127, 127, 127
L -2111.7571, 692.9756, 317.8711,  -2123.7986, 693.2675, 325.6294,  127, 127, 127
L -1404.7920, 1100.5128, 15.2657,  -1395.4292, 1114.1680, 15.2230,  0, 0, 240
L -1395.4292, 1114.1680, 15.2230,  -1387.1594, 1147.7096, 15.2291,  0, 0, 240
L -1387.1594, 1147.7096, 15.2291,  -1381.4629, 1181.4417, 15.3231,  0, 0, 240
L -1381.4629, 1181.4417, 15.3231,  -1367.0131, 1193.6956, 15.0801,  0, 0, 240
L -1367.0131, 1193.6956, 15.0801,  -1356.0066, 1219.1013, 15.3407,  0, 0, 240
L -1356.0066, 1219.1013, 15.3407,  -1344.8673, 1237.7805, 15.2716,  0, 0, 240
L -1344.8673, 1237.7805, 15.2716,  -1340.4663, 1249.9979, 15.2131,  0, 0, 240
L -1340.4663, 1249.9979, 15.2131,  -1335.3787, 1294.5543, 15.1663,  0, 0, 240
L -1335.3787, 1294.5543, 15.1663,  -1326.3202, 1318.1519, 15.2072,  0, 0, 240
L -1326.3202, 1318.1519, 15.2072,  -1325.6812, 1351.2123, 15.2663,  0, 0, 240
L -1325.6812, 1351.2123, 15.2663,  -1315.8811, 1386.5414, 15.2205,  0, 0, 240
L -1315.8811, 1386.5414, 15.2205,  -1319.2272, 1412.8118, 15.1702,  0, 0, 240
L -1319.2272, 1412.8118, 15.1702,  -1322.0170, 1454.6580, 15.2426,  0, 0, 240
L -1322.0170, 1454.6580, 15.2426,  -1331.0094, 1473.9641, 15.7576,  0, 0, 240
L -1331.0094, 1473.9641, 15.7576,  -1330.5060, 1475.0127, 16.0917,  0, 0, 240
L -1330.5060, 1475.0127, 16.0917,  -1335.9890, 1487.9446, 15.4699,  0, 0, 240
L -1335.9890, 1487.9446, 15.4699,  -1341.5360, 1492.8059, 17.1440,  0, 0, 240
L -1341.5360, 1492.8059, 17.1440,  -1349.0757, 1499.5109, 18.3513,  0, 0, 240
L -1349.0757, 1499.5109, 18.3513,  -1353.6608, 1497.2483, 12.1869,  0, 0, 240
L -1353.6608, 1497.2483, 12.1869,  -1362.2815, 1495.1063, 16.6790,  0, 0, 240
L -1362.2815, 1495.1063, 16.6790,  -1368.9708, 1497.4873, 13.7136,  0, 0, 240
L -1368.9708, 1497.4873, 13.7136,  -1373.8699, 1496.8898, 14.9805,  0, 0, 240
L -1359.5802, 1515.4978, 12.1645,  -1335.4375, 1524.6425, 12.1708,  0, 0, 240
L -1335.4375, 1524.6425, 12.1708,  -1323.9750, 1532.2500, 12.1596,  0, 0, 240
L -1323.9750, 1532.2500, 12.1596,  -1326.9569, 1538.1448, 15.2709,  0, 0, 240
L -1326.9569, 1538.1448, 15.2709,  -1312.9414, 1542.7405, 15.2960,  0, 0, 240
L -1312.9414, 1542.7405, 15.2960,  -1315.3582, 1591.4843, 15.3714,  0, 0, 240
L -1315.3582, 1591.4843, 15.3714,  -1312.0210, 1607.3125, 15.2450,  0, 0, 240
L -1312.0210, 1607.3125, 15.2450,  -1294.8362, 1625.2423, 15.3673,  0, 0, 240
L -1294.8362, 1625.2423, 15.3673,  -1225.3401, 1635.1973, 15.2249,  0, 0, 240
L -1225.3401, 1635.1973, 15.2249,  -1197.4335, 1598.7458, 15.2388,  0, 0, 240
L -1197.4335, 1598.7458, 15.2388,  -1156.0048, 1557.9471, 15.4461,  0, 0, 240
L -1156.0048, 1557.9471, 15.4461,  -1128.8469, 1533.9563, 15.2695,  0, 0, 240
L -1128.8469, 1533.9563, 15.2695,  -1120.3934, 1498.3450, 15.2658,  0, 0, 240
L -1120.3934, 1498.3450, 15.2658,  -1118.3926, 1466.5540, 15.0781,  0, 0, 240
L -1118.3926, 1466.5540, 15.0781,  -1092.6160, 1402.4437, 15.1477,  0, 0, 240
L -1092.6160, 1402.4437, 15.1477,  -1092.3997, 1399.9735, 15.1137,  0, 0, 240
L -1092.3997, 1399.9735, 15.1137,  -1089.7203, 1396.7086, 15.2109,  0, 0, 240
L -1089.7203, 1396.7086, 15.2109,  -1087.6715, 1397.8308, 15.1239,  0, 0, 240
L -1087.6715, 1397.8308, 15.1239,  -1023.0502, 1386.5392, 15.2891,  0, 0, 240
L -1023.0502, 1386.5392, 15.2891,  -972.0584, 1351.8508, 15.1631,  0, 0, 240
L -972.0584, 1351.8508, 15.1631,  -957.2880, 1346.3752, 15.2848,  0, 0, 240
L -957.2880, 1346.3752, 15.2848,  -944.0922, 1337.6343, 15.2554,  0, 0, 240
L -944.0922, 1337.6343, 15.2554,  -891.9534, 1330.4684, 15.4549,  0, 0, 240
L -891.9534, 1330.4684, 15.4549,  -838.0627, 1268.9352, 15.3778,  0, 0, 240
L -838.0627, 1268.9352, 15.3778,  -838.7587, 1197.1584, 14.7563,  0, 0, 240
L -838.7587, 1197.1584, 14.7563,  -831.5165, 1144.7119, 14.7889,  0, 0, 240
L -831.5165, 1144.7119, 14.7889,  -823.3465, 1120.6976, 15.1803,  0, 0, 240
L -823.3465, 1120.6976, 15.1803,  -775.3096, 1061.5557, 15.0094,  0, 0, 240
L -775.3096, 1061.5557, 15.0094,  -764.5575, 1048.4049, 15.0047,  0, 0, 240
L -764.5575, 1048.4049, 15.0047,  -759.6288, 1038.8381, 15.4748,  0, 0, 240
L -759.6288, 1038.8381, 15.4748,  -760.5731, 968.1036, 15.1455,  0, 0, 240
L -760.5731, 968.1036, 15.1455,  -690.9852, 812.7191, 15.3648,  0, 0, 240
L -690.9852, 812.7191, 15.3648,  -623.2844, 755.3553, 15.1511,  0, 0, 240
L -623.2844, 755.3553, 15.1511,  -588.4171, 728.4081, 15.1493,  0, 0, 240
L -588.4171, 728.4081, 15.1493,  -557.3502, 650.0481, 15.2537,  0, 0, 240
L -557.3502, 650.0481, 15.2537,  -551.3625, 574.8969, 15.2038,  0, 0, 240
L -551.3625, 574.8969, 15.2038,  -563.9588, 502.1973, 15.2689,  0, 0, 240
L -563.9588, 502.1973, 15.2689,  -570.0719, 458.2070, 15.2171,  0, 0, 240
L -570.0719, 458.2070, 15.2171,  -611.8470, 452.5533, 15.1164,  0, 0, 240
L -611.8470, 452.5533, 15.1164,  -617.9158, 441.4685, 15.3797,  0, 0, 240
L -617.9158, 441.4685, 15.3797,  -680.5902, 442.0444, 15.2065,  0, 0, 240
L -680.5902, 442.0444, 15.2065,  -747.7148, 466.1223, 15.2359,  0, 0, 240
L -747.7148, 466.1223, 15.2359,  -764.1425, 468.5165, 15.1456,  0, 0, 240
L -764.1425, 468.5165, 15.1456,  -798.6183, 452.8277, 15.1049,  0, 0, 240
L -798.6183, 452.8277, 15.1049,  -808.0578, 447.0403, 15.5265,  0, 0, 240
L -808.0578, 447.0403, 15.5265,  -814.4241, 449.0562, 15.1892,  0, 0, 240
L -814.4241, 449.0562, 15.1892,  -873.9861, 455.2439, 14.8563,  0, 0, 240
L -873.9861, 455.2439, 14.8563,  -878.8813, 455.6031, 15.7396,  0, 0, 240
L -878.8813, 455.6031, 15.7396,  -898.7146, 463.4025, 15.1386,  0, 0, 240
L -898.7146, 463.4025, 15.1386,  -942.6303, 484.5765, 15.5454,  0, 0, 240
L -942.6303, 484.5765, 15.5454,  -1010.0092, 560.4651, 15.1310,  0, 0, 240
L -1010.0092, 560.4651, 15.1310,  -1029.9413, 566.1169, 15.3758,  0, 0, 240
L -1029.9413, 566.1169, 15.3758,  -1073.6666, 568.2735, 15.5370,  0, 0, 240
L -1073.6666, 568.2735, 15.5370,  -1135.2827, 620.8699, 15.4026,  0, 0, 240
L -1135.2827, 620.8699, 15.4026,  -1169.4910, 695.1996, 15.3878,  0, 0, 240
L -1169.4910, 695.1996, 15.3878,  -1210.4604, 753.5407, 15.2713,  0, 0, 240
L -1210.4604, 753.5407, 15.2713,  -1281.8770, 842.8669, 15.1842,  0, 0, 240
L -1281.8770, 842.8669, 15.1842,  -1288.8453, 860.1176, 15.3827,  0, 0, 240
L -1288.8453, 860.1176, 15.3827,  -1321.6226, 914.3950, 15.8454,  0, 0, 240
L -1321.6226, 914.3950, 15.8454,  -1344.7430, 981.6370, 15.3164,  0, 0, 240
L -1344.7430, 981.6370, 15.3164,  -1393.6902, 1047.6654, 15.1496,  0, 0, 240
L -1393.6902, 1047.6654, 15.1496,  -1404.7172, 1100.0308, 15.1894,  0, 0, 240
L 1654.2540, -1419.3080, 463.7806,  1654.2540, -1419.3080, 463.7806,  0, 0, 0
L 1663.6581, -1423.6910, 463.8279,  1654.2643, -1419.3285, 463.7805,  0, 0, 0
L 1654.2643, -1419.3285, 463.7805,  1654.8289, -1417.9288, 463.7815,  0, 0, 0
L 1651.1788, -1419.1533, 463.7639,  1652.2719, -1416.8462, 463.7638,  0, 0, 0
L 1654.4044, -1417.7933, 463.7794,  1652.2719, -1416.8462, 463.7712,  0, 0, 0
L 1651.1786, -1419.1538, 463.7623,  1644.0555, -1415.8317, 463.8907,  0, 0, 0
L 1644.0555, -1415.8317, 463.8907,  1645.0265, -1413.2817, 463.8694,  0, 0, 0
L 1642.8295, -1412.4993, 463.9114,  1645.0265, -1413.2817, 463.8794,  0, 0, 0
L 1642.4419, -1413.7445, 464.3047,  1642.8295, -1412.4993, 463.9143,  0, 0, 0
L 1642.0211, -1413.6191, 463.9360,  1631.6836, -1408.9609, 464.1326,  0, 0, 0
L 1639.5854, -1209.0773, 464.3389,  1654.3507, -1214.4371, 464.2200,  0, 0, 0
L 1748.1289, -1266.0135, 465.1393,  1730.6216, -1261.6913, 465.2256,  127, 127, 127
L 1730.6216, -1261.6913, 465.2256,  1713.3235, -1255.9749, 464.9652,  127, 127, 127
L 1713.3235, -1255.9749, 464.9652,  1692.2727, -1244.0289, 464.5505,  127, 127, 127
L 1692.2727, -1244.0289, 464.5505,  1682.5306, -1238.0247, 464.4691,  127, 127, 127
L 1682.5306, -1238.0247, 464.4691,  1665.0245, -1222.5983, 464.1315,  127, 127, 127
L 1665.0245, -1222.5983, 464.1315,  1651.9633, -1211.5013, 464.2936,  127, 127, 127
L 1641.6803, -1207.8003, 464.5141,  1641.6803, -1207.8003, 464.5141,  127, 127, 127
L 1638.7321, -1209.2974, 464.3327,  1606.2135, -1216.9547, 464.0618,  127, 127, 127
L 1606.2135, -1216.9547, 464.0618,  1596.5941, -1219.7388, 464.0978,  127, 127, 127
L 1596.5941, -1219.7388, 464.0978,  1572.7539, -1202.3842, 465.1918,  127, 127, 127
L 1572.7539, -1202.3842, 465.1918,  1567.0532, -1193.3860, 465.8258,  127, 127, 127
L 1567.0532, -1193.3860, 465.8258,  1546.3522, -1176.8188, 466.5659,  127, 127, 127
L 1546.3522, -1176.8188, 466.5659,  1536.4279, -1157.1123, 467.3378,  127, 127, 127
L 1536.4279, -1157.1123, 467.3378,  1532.9185, -1121.6495, 466.9727,  127, 127, 127
L 1663.4409, -1423.6057, 463.8260,  1674.4850, -1424.3374, 463.8826,  127, 127, 127
L 1674.4850, -1424.3374, 463.8826,  1687.6080, -1422.8949, 463.9501,  127, 127, 127
L 1687.6080, -1422.8949, 463.9501,  1705.5535, -1427.6432, 464.4246,  127, 127, 127
L 1705.5535, -1427.6432, 464.4246,  1727.4028, -1423.8502, 464.0297,  127, 127, 127
L 1727.4028, -1423.8502, 464.0297,  1756.7029, -1441.4822, 463.4955,  127, 127, 127
L 1756.7029, -1441.4822, 463.4955,  1784.6249, -1475.5134, 462.2736,  127, 127, 127
L 1784.8304, -1474.7451, 462.1315,  1781.6866, -1495.8691, 462.0337,  127, 127, 127
L 1781.6866, -1495.8691, 462.0337,  1788.9110, -1520.8098, 460.3103,  127, 127, 127
L 1788.9110, -1520.8098, 460.3103,  1783.2319, -1544.0935, 461.4883,  127, 127, 127
L 1783.2319, -1544.0935, 461.4883,  1790.3865, -1551.8030, 461.3764,  127, 127, 127
L 1790.3865, -1551.8030, 461.3764,  1872.1362, -1542.5929, 459.4482,  127, 127, 127
L 1872.1362, -1542.5929, 459.4482,  1924.7709, -1540.8496, 458.8897,  127, 127, 127
L 1924.7709, -1540.8496, 458.8897,  1974.0919, -1538.0769, 458.8886,  127, 127, 127
L 1974.0919, -1538.0769, 458.8886,  2057.4150, -1553.5752, 458.8867,  127, 127, 127
L 2043.0450, -1484.6406, 458.8874,  1978.3917, -1482.2137, 458.9112,  127, 127, 127
L 1978.3917, -1482.2137, 458.9112,  1920.8097, -1484.3386, 458.9013,  127, 127, 127
L 1920.8097, -1484.3386, 458.9013,  1894.5033, -1456.6801, 461.7841,  127, 127, 127
L 1894.5033, -1456.6801, 461.7841,  1863.3961, -1423.3876, 459.7084,  127, 127, 127
L 1863.3961, -1423.3876, 459.7084,  1866.3994, -1374.2180, 460.7332,  127, 127, 127
L 1866.3994, -1374.2180, 460.7332,  1869.4930, -1324.1117, 457.6515,  127, 127, 127
L 1869.4930, -1324.1117, 457.6515,  1918.9366, -1296.4261, 445.4933,  127, 127, 127
L 1918.9366, -1296.4261, 445.4933,  1979.7955, -1283.1973, 413.8993,  127, 127, 127
L 1979.7955, -1283.1973, 413.8993,  2054.5791, -1344.9935, 403.9550,  127, 127, 127
L 1166.3549, -1169.5250, 424.3538,  1178.5789, -1166.2498, 424.3532,  0, 0, 0
L 1178.5789, -1166.2498, 424.3532,  1179.0388, -1167.9315, 423.6434,  0, 0, 0
L 1179.0388, -1167.9315, 423.6434,  1182.1079, -1167.6295, 423.6467,  0, 0, 0
L 1182.1079, -1167.6295, 423.6467,  1185.0363, -1168.8865, 423.6671,  127, 127, 127
L 1185.0363, -1168.8865, 423.6671,  1189.6704, -1166.0946, 423.6674,  127, 127, 127
L 1189.6704, -1166.0946, 423.6674,  1195.5548, -1169.1079, 423.7041,  127, 127, 127
L 1195.5548, -1169.1079, 423.7041,  1196.2406, -1170.3982, 423.7135,  127, 127, 127
L 1196.2406, -1170.3982, 423.7135,  1211.4063, -1170.6440, 423.9888,  127, 127, 127
L 1211.4063, -1170.6440, 423.9888,  1232.3081, -1187.9791, 424.1230,  127, 127, 127
L 1232.3081, -1187.9791, 424.1230,  1273.9497, -1175.9420, 426.8191,  127, 127, 127
L 1273.9497, -1175.9420, 426.8191,  1294.0778, -1161.1565, 430.8914,  127, 127, 127
L 1294.0778, -1161.1565, 430.8914,  1312.8918, -1136.3473, 434.7128,  127, 127, 127
L 1312.8918, -1136.3473, 434.7128,  1311.9685, -1112.4069, 444.3244,  127, 127, 127
L 1311.9685, -1112.4069, 444.3244,  1311.9685, -1112.4069, 444.3244,  127, 127, 127
L 1166.3547, -1169.5256, 424.3526,  1166.9039, -1171.5387, 423.6219,  0, 0, 0
L 1166.9039, -1171.5387, 423.6219,  1163.9124, -1172.4268, 423.6114,  0, 0, 0
L 1163.9124, -1172.4268, 423.6114,  1161.5824, -1174.6194, 423.6193,  127, 127, 127
L 1161.5824, -1174.6194, 423.6193,  1149.8196, -1192.5673, 424.0239,  127, 127, 127
L 1149.8196, -1192.5673, 424.0240,  1136.4039, -1199.1123, 424.9594,  127, 127, 127
L 1136.4039, -1199.1123, 424.9594,  1129.3699, -1201.0533, 425.4636,  127, 127, 127
L 1129.3699, -1201.0533, 425.4636,  1120.7958, -1191.4481, 425.6538,  127, 127, 127
L 1120.7958, -1191.4481, 425.6538,  1108.6504, -1189.0050, 426.3180,  127, 127, 127
L 1108.6504, -1189.0050, 426.3180,  1089.7894, -1180.7321, 427.1131,  127, 127, 127
L 1089.7894, -1180.7321, 427.1130,  1073.4707, -1171.7478, 421.7066,  127, 127, 127
L 1073.4707, -1171.7478, 421.7064,  1054.5988, -1159.7953, 413.9797,  127, 127, 127
L 1054.5988, -1159.7953, 413.9795,  1019.4847, -1133.6260, 402.0389,  127, 127, 127
L 1019.4847, -1133.6260, 402.0389,  949.0799, -1067.4939, 397.3261,  127, 127, 127
L 949.0799, -1067.4939, 397.3261,  886.4907, -999.9864, 369.3257,  127, 127, 127
L 886.4907, -999.9864, 369.3257,  875.8860, -923.3091, 345.9139,  127, 127, 127
L 1000.4611, -1458.7811, 393.7405,  994.9951, -1450.2061, 393.4254,  0, 0, 0
L 994.9951, -1450.2061, 393.4254,  995.9255, -1449.5308, 393.4051,  0, 0, 0
L 995.9255, -1449.5308, 393.4051,  994.1992, -1447.2021, 393.3175,  0, 0, 0
L 994.1992, -1447.2021, 393.3175,  992.4496, -1448.5685, 393.3606,  0, 0, 0
L 992.4496, -1448.5685, 393.3606,  991.5790, -1447.0751, 393.3042,  0, 0, 0
L 991.5790, -1447.0751, 393.3042,  991.0139, -1447.6556, 393.5502,  0, 0, 0
L 991.0139, -1447.6556, 393.5502,  988.3108, -1443.7938, 393.5517,  0, 0, 0
L 988.3108, -1443.7938, 393.5517,  988.6678, -1443.4917, 393.1695,  0, 0, 0
L 988.6678, -1443.4917, 393.1695,  987.9413, -1442.1306, 393.1180,  0, 0, 0
L 987.9413, -1442.1306, 393.1180,  989.8629, -1440.7559, 393.0772,  0, 0, 0
L 989.8629, -1440.7559, 393.0772,  988.3101, -1438.6053, 392.9969,  0, 0, 0
L 988.3101, -1438.6053, 392.9969,  987.4032, -1439.3446, 393.0153,  0, 0, 0
L 987.4032, -1439.3446, 393.0153,  980.7783, -1430.0607, 392.6723,  0, 0, 0
L 980.7783, -1430.0607, 392.6723,  976.8820, -1420.8817, 392.3393,  127, 127, 127
L 976.8820, -1420.8817, 392.3393,  976.3292, -1412.5302, 392.1627,  127, 127, 127
L 976.3292, -1412.5302, 392.1627,  970.4306, -1403.3187, 392.0911,  127, 127, 127
L 970.4306, -1403.3187, 392.0911,  967.4940, -1395.5840, 393.3441,  127, 127, 127
L 967.4940, -1395.5840, 393.3441,  979.8276, -1361.3320, 392.8450,  127, 127, 127
L 979.8276, -1361.3320, 392.8450,  971.9571, -1341.6514, 391.7586,  127, 127, 127
L 971.9571, -1341.6514, 391.7586,  940.4635, -1323.2609, 392.2406,  127, 127, 127
L 940.4635, -1323.2609, 392.2406,  914.1787, -1315.7877, 391.3878,  127, 127, 127
L 914.1787, -1315.7877, 391.3878,  893.1888, -1323.9390, 391.3513,  127, 127, 127
L 893.1888, -1323.9390, 391.3513,  851.4600, -1323.4171, 358.1062,  127, 127, 127
L 851.4600, -1323.4171, 358.1062,  821.9585, -1348.4690, 337.4736,  127, 127, 127
L 821.9585, -1348.4690, 337.4736,  810.0671, -1367.3563, 337.3335,  127, 127, 127
L 806.0148, -1374.1122, 337.1577,  791.9055, -1397.6368, 337.3926,  127, 127, 127
L 791.9055, -1397.6368, 337.3926,  792.1845, -1409.0503, 337.1976,  127, 127, 127
L 792.1845, -1409.0503, 337.1976,  798.0149, -1426.2220, 337.4319,  127, 127, 127
L 798.2505, -1426.8561, 337.3994,  814.8284, -1464.0504, 334.1759,  127, 127, 127
L 816.9977, -1469.2875, 333.8834,  822.8446, -1475.7223, 333.4833,  127, 127, 127
L 822.7382, -1477.8798, 333.3813,  820.8312, -1556.8599, 333.8743,  127, 127, 127
L 820.8312, -1556.8599, 333.8743,  885.8883, -1631.3149, 345.2936,  127, 127, 127
L 885.8883, -1631.3149, 345.2936,  919.0968, -1665.6866, 341.6123,  127, 127, 127
L 919.0968, -1665.6866, 341.6123,  935.5839, -1677.1841, 339.8397,  127, 127, 127
L 935.5839, -1677.1841, 339.8397,  953.9124, -1678.6436, 338.6258,  127, 127, 127
L 953.9124, -1678.6436, 338.6258,  953.9118, -1678.5656, 338.6243,  127, 127, 127
L 953.9118, -1678.5656, 338.6243,  955.1082, -1679.6016, 338.6216,  127, 127, 127
L 955.1082, -1679.6016, 338.6216,  956.6445, -1681.1204, 338.6134,  0, 0, 0
L 956.6445, -1681.1204, 338.6134,  957.8006, -1679.8196, 338.7178,  0, 0, 0
L 957.8006, -1679.8196, 338.7178,  965.7239, -1689.2631, 339.2845,  0, 0, 0
L 965.7239, -1689.2631, 339.2845,  964.2254, -1690.6315, 338.5656,  0, 0, 0
L 964.2254, -1690.6315, 338.5656,  965.9700, -1693.0286, 338.5516,  0, 0, 0
L 965.9700, -1693.0286, 338.5516,  970.4742, -1701.4692, 338.6469,  127, 127, 127
L 970.4742, -1701.4692, 338.6469,  968.6672, -1706.5167, 338.8079,  127, 127, 127
L 968.6672, -1706.5167, 338.8079,  980.9141, -1729.1227, 341.1481,  127, 127, 127
L 980.9141, -1729.1227, 341.1481,  993.5653, -1748.9667, 340.1628,  127, 127, 127
L 993.5653, -1748.9667, 340.1628,  999.9866, -1765.0260, 340.4330,  127, 127, 127
L 1256.5266, -1738.8417, 381.6418,  1263.2524, -1747.3259, 381.2182,  0, 0, 0
L 1263.2524, -1747.3259, 381.2182,  1262.5795, -1747.9564, 381.1859,  0, 0, 0
L 1262.5795, -1747.9564, 381.1859,  1264.3234, -1749.8774, 381.0896,  0, 0, 0
L 1264.3234, -1749.8774, 381.0896,  1265.9265, -1748.6035, 381.1541,  0, 0, 0
L 1265.9265, -1748.6035, 381.1541,  1270.9587, -1754.6421, 380.8503,  0, 0, 0
L 1270.9587, -1754.6421, 380.8503,  1269.4396, -1756.1199, 380.7757,  0, 0, 0
L 1269.4396, -1756.1199, 380.7757,  1271.0400, -1758.0735, 380.6776,  0, 0, 0
L 1271.0400, -1758.0735, 380.6776,  1271.8636, -1757.5416, 380.7046,  0, 0, 0
L 1271.8636, -1757.5416, 380.7046,  1279.3855, -1766.4017, 380.4736,  0, 0, 0
L 1279.3855, -1766.4017, 380.4736,  1279.1567, -1769.8455, 380.2203,  127, 127, 127
L 1279.1567, -1769.8455, 380.2203,  1281.6736, -1773.2374, 380.2687,  127, 127, 127
L 1281.6736, -1773.2374, 380.2687,  1285.5994, -1782.5211, 381.9191,  127, 127, 127
L 1285.5994, -1782.5211, 381.9191,  1293.8259, -1795.5693, 381.3129,  127, 127, 127
L 1293.8259, -1795.5693, 381.3129,  1300.1368, -1816.8416, 381.3290,  127, 127, 127
L 1300.1368, -1816.8416, 381.3290,  1316.5129, -1847.2191, 382.1656,  127, 127, 127
L 1316.5129, -1847.2191, 382.1656,  1324.7080, -1865.1395, 381.1063,  127, 127, 127
L 1324.7080, -1865.1395, 381.1063,  1348.5126, -1893.5870, 380.6158,  127, 127, 127
L 1348.5126, -1893.5870, 380.6158,  1367.6892, -1909.7756, 381.0215,  127, 127, 127
L 1367.6892, -1909.7756, 381.0215,  1400.7496, -1918.8969, 387.7432,  127, 127, 127
L 1400.7496, -1918.8969, 387.7432,  1415.1626, -1919.6003, 389.0375,  127, 127, 127
L 1415.7026, -1922.0081, 389.3758,  1420.3601, -1979.9166, 397.5903,  127, 127, 127
L 1420.3601, -1979.9166, 397.5903,  1424.4709, -2049.7944, 390.7648,  127, 127, 127
L 1424.4709, -2049.7944, 390.7648,  1362.0564, -2064.4692, 342.5117,  127, 127, 127
L 1362.0564, -2064.4692, 342.5117,  1362.6582, -2123.9055, 343.2119,  127, 127, 127
L 1362.6582, -2123.9055, 343.2119,  1360.7327, -2162.7463, 349.3785,  127, 127, 127
L 1361.1705, -2167.2039, 351.0691,  1365.0438, -2193.5903, 368.7900,  127, 127, 127
L 1365.0438, -2193.5903, 368.7900,  1387.1436, -2219.9141, 386.4213,  127, 127, 127
L 1387.2444, -2220.0498, 386.4204,  1410.0145, -2250.7424, 395.3040,  127, 127, 127
L 1410.0145, -2250.7424, 395.3040,  1424.5350, -2268.4299, 406.2204,  127, 127, 127
L 1424.5350, -2268.4299, 406.2204,  1429.4740, -2333.7634, 421.3675,  127, 127, 127
L 1429.4740, -2333.7634, 421.3675,  1436.2766, -2402.9854, 425.7185,  127, 127, 127
L 1436.2766, -2402.9854, 425.7185,  1435.6267, -2479.6121, 488.3325,  127, 127, 127
L 1435.6259, -2479.6177, 488.3400,  1367.9709, -2479.6047, 475.7671,  127, 127, 127
L 1367.9709, -2479.6047, 475.7671,  1315.4008, -2420.6089, 407.5717,  127, 127, 127
L 1315.4008, -2420.6089, 407.5717,  1294.2245, -2400.9326, 413.5060,  127, 127, 127
L 1294.2245, -2400.9326, 413.5060,  1270.4520, -2406.2544, 414.9094,  127, 127, 127
L 1270.4520, -2406.2544, 414.9094,  1183.7544, -2406.5129, 384.8761,  127, 127, 127
L 1183.7544, -2406.5129, 384.8761,  1152.5162, -2417.5920, 403.4854,  127, 127, 127
L 1152.5162, -2417.5920, 403.4854,  1152.5162, -2417.5920, 403.4854,  127, 127, 127
L 1287.0529, -2247.0557, 350.4124,  1285.4543, -2248.6592, 350.3088,  0, 0, 0
L 1285.4543, -2248.6592, 350.3088,  1286.7109, -2250.6108, 350.7133,  0, 0, 0
L 1286.7109, -2250.6108, 350.7133,  1278.6420, -2260.2314, 350.8819,  0, 0, 0
L 1278.4998, -2260.1023, 350.8783,  1277.2310, -2258.9495, 350.1339,  0, 0, 0
L 1277.2310, -2258.9495, 350.1339,  1274.9663, -2261.1353, 350.1236,  0, 0, 0
L 1274.9663, -2261.1353, 350.1238,  1272.3347, -2261.5420, 350.1243,  127, 127, 127
L 1272.3347, -2261.5420, 350.1243,  1260.9579, -2266.8459, 351.2602,  127, 127, 127
L 1260.9579, -2266.8459, 351.2602,  1239.1742, -2286.6790, 354.9186,  127, 127, 127
L 1239.1742, -2286.6790, 354.9186,  1230.1648, -2296.3416, 353.7578,  127, 127, 127
L 1230.1648, -2296.3416, 353.7578,  1222.0289, -2295.8264, 354.1573,  127, 127, 127
L 1222.0289, -2295.8264, 354.1573,  1190.8405, -2293.5942, 352.4464,  127, 127, 127
L 1190.8405, -2293.5942, 352.4464,  1165.3862, -2342.3191, 352.9637,  127, 127, 127
L 1286.3307, -2247.3357, 350.3794,  1285.6012, -2232.1069, 350.8648,  127, 127, 127
L 1284.8253, -2228.8416, 350.9324,  1293.3948, -2210.6565, 351.8183,  127, 127, 127
L 1293.3948, -2210.6565, 351.8183,  1304.0516, -2190.8906, 354.8407,  127, 127, 127
L 1306.0039, -2187.0066, 354.1576,  1334.4917, -2167.6382, 352.7777,  127, 127, 127
L 1334.4917, -2167.6382, 352.7777,  1360.4659, -2163.9915, 349.5998,  127, 127, 127
L 1255.8328, -1739.3776, 381.6140,  1249.4629, -1734.4955, 381.8635,  127, 127, 127
L 1249.4629, -1734.4955, 381.8635,  1237.0006, -1731.0533, 382.0399,  127, 127, 127
L 1233.6548, -1729.9016, 382.0946,  1222.1583, -1719.0153, 382.6163,  127, 127, 127
L 1222.1583, -1719.0153, 382.6163,  1227.7870, -1704.7267, 383.3593,  127, 127, 127
L 1227.5499, -1704.1129, 383.3697,  1220.1249, -1685.4036, 384.1356,  127, 127, 127
L 1219.4336, -1681.4678, 384.0567,  1222.4680, -1654.1572, 384.2583,  127, 127, 127
L 1222.4680, -1654.1572, 384.2583,  1245.2489, -1626.0321, 388.5585,  127, 127, 127
L 1245.2489, -1626.0321, 388.5585,  1267.3159, -1607.4691, 392.0507,  127, 127, 127
L 1267.3159, -1607.4691, 392.0507,  1267.3159, -1607.4691, 392.0507,  127, 127, 127
L 1270.3696, -1606.7819, 392.3593,  1298.3610, -1601.7667, 403.9799,  127, 127, 127
L 1298.3610, -1601.7667, 403.9799,  1336.2030, -1604.0869, 418.1797,  127, 127, 127
L 1337.4498, -1604.1632, 418.6585,  1378.9563, -1617.6927, 431.0270,  127, 127, 127
L 1378.9563, -1617.6927, 431.0270,  1401.2653, -1633.9080, 429.9201,  127, 127, 127
L 1631.7546, -1408.7562, 464.1288,  1600.1279, -1382.3439, 464.7393,  127, 127, 127
L 1600.1279, -1382.3439, 464.7393,  1586.8993, -1373.2676, 465.0244,  127, 127, 127
L 1582.0668, -1371.4700, 465.1332,  1560.9835, -1364.1512, 465.9194,  127, 127, 127
L 1559.5232, -1363.8230, 466.0639,  1545.8345, -1363.2520, 465.9777,  127, 127, 127
L 1544.9281, -1363.4199, 465.9926,  1522.4246, -1367.0498, 466.4305,  127, 127, 127
L 1520.2883, -1367.3931, 466.2650,  1487.6494, -1378.1392, 463.2252,  127, 127, 127
L 1487.6494, -1378.1392, 463.2252,  1447.8566, -1350.8718, 456.4312,  127, 127, 127
L 1447.8566, -1350.8718, 456.4312,  1366.7539, -1348.8717, 441.5259,  127, 127, 127
L 1366.7393, -1348.8708, 441.5168,  1302.2673, -1364.6598, 425.1010,  127, 127, 127
L 1302.2673, -1364.6598, 425.1008,  1244.6360, -1376.1642, 415.2949,  127, 127, 127
L 1244.6360, -1376.1642, 415.2949,  1224.1157, -1407.7262, 411.8146,  127, 127, 127
L 1224.1157, -1407.7262, 411.8146,  1198.3519, -1479.7174, 405.2548,  127, 127, 127
L 1197.5986, -1481.9049, 405.0998,  1186.6147, -1520.1698, 398.2037,  127, 127, 127
L 1186.9751, -1521.2616, 398.1499,  1201.3762, -1564.8842, 393.1781,  127, 127, 127
L 1201.3762, -1564.8842, 393.1781,  1235.8254, -1634.3037, 384.6728,  127, 127, 127
L 973.7861, -2245.9961, 350.6888,  964.2194, -2242.1907, 350.5476,  0, 0, 0
L 964.2194, -2242.1907, 350.5476,  964.5560, -2240.7148, 350.5583,  0, 0, 0
L 964.5560, -2240.7148, 350.5583,  962.1701, -2240.0161, 350.5232,  0, 0, 0
L 962.1701, -2240.0161, 350.5232,  961.0650, -2242.3984, 350.4968,  0, 0, 0
L 961.0650, -2242.3984, 350.4968,  953.7996, -2239.7549, 350.3914,  0, 0, 0
L 953.7996, -2239.7549, 350.3914,  954.8995, -2236.7813, 350.4197,  0, 0, 0
L 954.8995, -2236.7813, 350.4197,  952.1047, -2236.0405, 350.3783,  0, 0, 0
L 951.3391, -2237.6389, 350.3602,  951.3408, -2237.6392, 350.3602,  0, 0, 0
L 951.3408, -2237.6392, 350.3602,  941.4191, -2234.0161, 350.2165,  0, 0, 0
L 941.4191, -2234.0161, 350.2165,  941.4252, -2231.5820, 350.2253,  127, 127, 127
L 941.4252, -2231.5820, 350.2253,  934.0531, -2228.8733, 350.3782,  127, 127, 127
L 934.0531, -2228.8733, 350.3782,  928.6332, -2222.4182, 350.5393,  127, 127, 127
L 928.6332, -2222.4182, 350.5393,  916.9568, -2217.7080, 350.8588,  127, 127, 127
L 916.9568, -2217.7080, 350.8588,  905.9178, -2210.8916, 351.3872,  127, 127, 127
L 905.9178, -2210.8916, 351.3872,  898.5411, -2208.5361, 351.3679,  127, 127, 127
L 898.5411, -2208.5361, 351.3679,  891.5880, -2223.6306, 354.4245,  127, 127, 127
L 891.5880, -2223.6306, 354.4245,  891.5880, -2223.6306, 354.4245,  127, 127, 127
L 891.5880, -2223.6306, 354.4245,  877.4956, -2220.6355, 357.5602,  127, 127, 127
L 877.4956, -2220.6355, 357.5602,  852.3342, -2221.7993, 362.5816,  127, 127, 127
L 852.3342, -2221.7993, 362.5816,  834.2999, -2234.4541, 367.5616,  127, 127, 127
L 834.2999, -2234.4541, 367.5616,  832.3853, -2263.0688, 375.3203,  127, 127, 127
L 832.3853, -2263.0688, 375.3203,  837.1943, -2295.5103, 388.9225,  127, 127, 127
L 837.1943, -2295.5103, 388.9225,  839.3846, -2325.2681, 397.2642,  127, 127, 127
L 974.1326, -2245.3438, 350.6932,  996.7449, -2243.2837, 350.9538,  127, 127, 127
L 996.7449, -2243.2837, 350.9538,  1009.1635, -2243.9502, 350.9335,  127, 127, 127
L 1010.5914, -2244.2703, 350.9345,  1017.6579, -2247.4446, 350.8692,  127, 127, 127
L 1017.6579, -2247.4446, 350.8692,  1015.6179, -2265.6250, 351.9313,  127, 127, 127
L 1015.6179, -2265.6250, 351.9313,  1048.7412, -2271.3542, 353.2166,  127, 127, 127
L 1048.7412, -2271.3542, 353.2166,  1088.5245, -2294.2942, 356.8575,  127, 127, 127
L 1088.5245, -2294.2942, 356.8575,  1105.9202, -2306.5061, 355.5989,  127, 127, 127
L 1105.9202, -2306.5061, 355.5989,  1107.6859, -2334.0337, 363.8170,  127, 127, 127
L 1107.6859, -2334.0337, 363.8170,  1137.5861, -2330.8506, 353.9499,  127, 127, 127
L 1137.5861, -2330.8506, 353.9499,  1164.1199, -2343.4258, 353.1021,  127, 127, 127
L 940.3377, -1977.5316, 339.1269,  939.0763, -1893.2209, 339.1375,  127, 127, 127
L 939.0763, -1893.2209, 339.1375,  939.2358, -1846.0240, 338.6245,  127, 127, 127
L 939.2358, -1846.0240, 338.6245,  970.5594, -1819.7924, 350.2884,  127, 127, 127
L 975.4924, -1814.8560, 352.7674,  999.9641, -1787.3658, 346.2471,  127, 127, 127
L 1000.0729, -1787.2621, 346.2463,  994.7292, -1757.5173, 340.2443,  127, 127, 127
L 623.3575, -1774.2290, 349.8889,  613.9926, -1849.4485, 341.0325,  127, 127, 127
L 613.9926, -1849.4485, 341.0325,  610.9956, -1912.5459, 340.8505,  127, 127, 127
L 610.9956, -1912.5459, 340.8505,  616.5378, -1987.0433, 353.3166,  127, 127, 127
L 616.5378, -1987.0433, 353.3166,  664.4141, -2047.3701, 341.2509,  127, 127, 127
L 664.4141, -2047.3701, 341.2509,  662.8828, -2115.8447, 342.1294,  127, 127, 127
L 662.8828, -2115.8447, 342.1294,  662.2017, -2185.3772, 354.7668,  127, 127, 127
L 662.2017, -2185.3772, 354.7668,  662.0468, -2257.3896, 359.0090,  127, 127, 127
L 662.0468, -2257.3896, 359.0090,  662.3181, -2335.4890, 370.8050,  127, 127, 127
L 662.3181, -2335.4890, 370.8050,  661.6877, -2391.3408, 388.5745,  127, 127, 127
L 670.0364, -2386.2952, 389.1636,  676.7023, -2385.2642, 391.6602,  127, 127, 127
L 676.7023, -2385.2642, 391.6602,  701.1600, -2376.1304, 398.8843,  127, 127, 127
L 704.0947, -2373.9517, 399.0393,  715.6990, -2365.3342, 398.2593,  127, 127, 127
L 715.6990, -2365.3342, 398.2593,  732.5538, -2366.5781, 402.4622,  127, 127, 127
L 943.0283, -2809.8425, 464.3295,  943.9699, -2790.5598, 470.5919,  127, 127, 127
L 943.9699, -2790.5598, 470.5919,  941.4930, -2704.0046, 475.0759,  127, 127, 127
L 941.4930, -2704.0046, 475.0759,  941.4258, -2634.4666, 469.5304,  127, 127, 127
L 941.4258, -2634.4666, 469.5304,  940.9131, -2555.8188, 459.0230,  127, 127, 127
L 940.9131, -2555.8188, 459.0230,  933.6857, -2481.3125, 456.6950,  127, 127, 127
L 933.6857, -2481.3125, 456.6950,  941.7571, -2398.4724, 434.1031,  127, 127, 127
L 941.7571, -2398.4724, 434.1031,  996.9752, -2396.4126, 419.9870,  127, 127, 127
L 996.9752, -2396.4126, 419.9870,  1052.2644, -2398.6692, 415.2616,  127, 127, 127
L 1052.2644, -2398.6692, 415.2616,  1128.1182, -2406.2380, 401.3016,  127, 127, 127
L 1128.1182, -2406.2380, 401.3016,  1155.9990, -2408.8835, 399.3500,  127, 127, 127
L 1289.3097, -2709.6255, 845.7496,  1222.5133, -2756.1895, 800.5240,  0, 0, 0
L 1222.5133, -2756.1895, 800.5240,  1082.2648, -2756.1890, 653.9655,  0, 0, 0
L 1082.2648, -2756.1890, 564.6871,  1082.2660, -3158.1506, 473.6688,  0, 0, 0
L 1082.2660, -3158.1506, 473.6688,  1002.6279, -3158.1423, 426.2244,  0, 0, 0
L 1002.6279, -3158.1423, 396.1384,  971.7000, -3404.9197, 518.2627,  0, 0, 0
L 971.7000, -3404.9197, 518.2627,  619.6760, -3424.4939, 490.2429,  0, 0, 0
L 619.6760, -3424.4939, 490.2429,  585.9351, -3514.9448, 489.2237,  0, 0, 0
L 585.9351, -3514.9448, 489.2237,  431.9924, -3464.7825, 298.6852,  0, 0, 0
L 431.9924, -3464.7825, 298.6852,  371.7484, -3450.5730, 272.8942,  0, 0, 0
L 1289.3097, -2709.6255, 834.6615,  1741.0919, -2750.0725, 807.4086,  0, 0, 0
L 1741.0919, -2750.0725, 807.4086,  1919.0575, -2697.6628, 866.5872,  0, 0, 0
L 1919.0575, -2697.6628, 866.5872,  1883.5287, -2929.0120, 906.7003,  0, 0, 0
L 1883.5287, -2929.0120, 906.7003,  1689.4441, -3083.4968, 1068.6196,  0, 0, 0
L 1689.4441, -3083.4968, 1068.6196,  1790.2457, -3210.0164, 982.0884,  0, 0, 0
L 1790.2457, -3210.0164, 982.0884,  2020.0139, -3353.4421, 802.2282,  0, 0, 0
L 2020.0139, -3353.4421, 802.2282,  2080.6462, -3471.5845, 582.7966,  0, 0, 0
L 2083.0198, -3471.0671, 555.4062,  2170.0908, -3473.3091, -44.4614,  0, 0, 0
L 1853.5586, -1905.3661, 625.5275,  1855.8500, -2001.1711, 636.8784,  127, 127, 127
L 1855.8500, -2001.1711, 636.8784,  1854.4069, -2047.3702, 643.3170,  127, 127, 127
L 1854.4069, -2047.3702, 643.3170,  1856.6375, -2121.6575, 643.5984,  127, 127, 127
L 1856.6375, -2121.6575, 643.5984,  1857.3217, -2155.0999, 643.6342,  127, 127, 127
L 1856.9944, -2156.4033, 643.5695,  1845.2119, -2224.8191, 643.0916,  127, 127, 127
L 1845.2119, -2224.8191, 643.0916,  1826.6068, -2226.9602, 643.4079,  127, 127, 127
L 1826.0266, -2228.7810, 643.4077,  1817.5012, -2250.1445, 643.5938,  127, 127, 127
L 1817.5012, -2250.1445, 643.5938,  1782.6876, -2266.0588, 644.3439,  127, 127, 127
L 1782.6876, -2266.0588, 644.3439,  1787.1395, -2468.6724, 643.6629,  127, 127, 127
L 1786.9973, -2474.3462, 643.6347,  1784.9008, -2608.7393, 642.7576,  127, 127, 127
L 1784.9008, -2608.7393, 642.7576,  1715.8739, -2618.8997, 657.5118,  127, 127, 127
L 1715.8739, -2618.8997, 657.5118,  1716.7087, -2690.0837, 661.7325,  127, 127, 127
L 1716.7087, -2690.0837, 661.7325,  1648.5837, -2693.3789, 684.7064,  127, 127, 127
L 1648.5837, -2693.3789, 684.7064,  1639.6836, -2603.2344, 678.4763,  127, 127, 127
L 1639.6836, -2603.2344, 678.4763,  1578.1610, -2522.5020, 685.0633,  127, 127, 127
L 1578.1610, -2522.5020, 685.0633,  1541.2310, -2515.5259, 671.8718,  127, 127, 127
L 1541.2299, -2515.5259, 671.8721,  1491.7035, -2464.1196, 633.7831,  127, 127, 127
L 1741.3562, -1265.1680, 465.1496,  1793.2426, -1261.9651, 466.4126,  127, 127, 127
L 1793.2426, -1261.9651, 466.4126,  1818.6154, -1254.5350, 465.7501,  127, 127, 127
L 1818.6154, -1254.5350, 465.7501,  1844.8069, -1223.7858, 462.1810,  127, 127, 127
L 1844.8069, -1223.7858, 462.1810,  1914.0699, -1285.4982, 447.6439,  127, 127, 127
L 1330.0510, -1126.1248, 439.6477,  1439.2285, -1135.7042, 450.8912,  127, 127, 127
L 1440.9855, -1134.9502, 451.4084,  1473.8668, -1106.9581, 459.5515,  127, 127, 127
L 1007.2078, -1463.6019, 393.9373,  1035.7473, -1483.2965, 394.3214,  127, 127, 127
L 1035.7473, -1483.2965, 394.3214,  1054.7754, -1500.5428, 390.3241,  127, 127, 127
L 1057.3406, -1502.2117, 390.0145,  1085.2120, -1520.9203, 384.0909,  127, 127, 127
L 1086.2942, -1522.8865, 383.8955,  1095.9830, -1553.6014, 376.3984,  127, 127, 127
L 1095.9830, -1553.6014, 376.3984,  1064.7706, -1577.7592, 383.8858,  127, 127, 127
L 1064.5609, -1578.2162, 383.9342,  1049.3772, -1602.3285, 387.2328,  127, 127, 127
L 1047.0111, -1604.8125, 386.9675,  1033.1249, -1616.0515, 388.8965,  127, 127, 127
L 1033.1249, -1616.0515, 388.8965,  973.9576, -1638.0292, 379.7659,  127, 127, 127
L 2564.3274, 44.0795, -102.4333,  2625.6309, -20.4904, -106.8140,  127, 127, 127
L 2625.6309, -20.4904, -106.8140,  2627.5225, -91.9874, -105.6806,  127, 127, 127
L 2628.5154, -92.9102, -105.7173,  2694.8945, -159.7114, -108.9699,  127, 127, 127
L 2694.8945, -159.7114, -108.9699,  2835.3787, -160.0173, -115.1466,  127, 127, 127
L 2835.3787, -160.0173, -115.1466,  2904.2014, -228.6947, -115.1494,  127, 127, 127
L 2904.2014, -228.6947, -115.1494,  2905.3657, -381.3088, -111.2796,  127, 127, 127
L 2905.3657, -381.3088, -111.2796,  2905.3926, -637.6810, -104.3751,  127, 127, 127
L 2905.3926, -637.6810, -104.3751,  2903.8127, -736.8704, -101.7319,  127, 127, 127
L 2903.8208, -737.0395, -101.7318,  2917.9519, -807.3691, -114.5574,  127, 127, 127
L 3093.5972, -398.9769, -120.6172,  3095.1216, -389.5761, -120.8393,  0, 0, 0
L 3095.1216, -389.5761, -120.8393,  3116.1050, -389.1024, -122.0113,  0, 0, 0
L 3116.1050, -389.1024, -122.0113,  3116.6282, -422.0931, -120.6085,  0, 0, 0
L 3116.6282, -422.0931, -120.6085,  3094.4126, -421.9669, -120.3102,  0, 0, 0
L 3094.4126, -421.9669, -120.3102,  3094.2612, -412.9586, -119.5757,  0, 0, 0
L 3044.1484, -451.9154, -116.6515,  3069.6052, -452.0908, -118.2678,  0, 0, 0
L 3069.6052, -452.0908, -118.2678,  3070.5042, -472.8269, -117.9621,  0, 0, 0
L 3070.5042, -472.8269, -117.9621,  3004.7107, -474.6087, -113.9103,  0, 0, 0
L 3004.7107, -474.6087, -113.9103,  3005.4653, -454.4013, -114.4183,  0, 0, 0
L 3005.4653, -454.4013, -114.4183,  3029.9646, -452.8506, -115.8316,  0, 0, 0
L 2979.4355, -454.9390, -112.8865,  2971.2334, -447.4254, -112.6066,  0, 0, 0
L 2971.2334, -447.4254, -112.6066,  2955.0950, -464.7889, -111.2738,  0, 0, 0
L 2955.0950, -464.7889, -111.2738,  2978.6169, -486.1206, -111.9992,  0, 0, 0
L 2978.6169, -486.1206, -111.9992,  2994.2642, -468.1110, -113.4441,  0, 0, 0
L 2994.2642, -468.1110, -113.4441,  2985.9260, -460.5981, -113.1333,  0, 0, 0
L 3032.3965, -327.7679, -118.3806,  3032.4966, -339.2554, -118.2420,  0, 0, 0
L 3032.4966, -339.2554, -118.2420,  3056.1743, -339.2695, -119.2191,  0, 0, 0
L 3056.1743, -339.2695, -119.2191,  3056.2810, -307.3249, -119.7684,  0, 0, 0
L 3056.2810, -307.3249, -119.7684,  3032.3789, -307.9153, -118.6270,  0, 0, 0
L 3032.3789, -307.9153, -118.6270,  3032.1978, -318.8815, -118.4831,  0, 0, 0
L 3032.5913, -373.7075, -117.6889,  3032.6001, -385.2164, -117.4569,  0, 0, 0
L 3032.6001, -385.2164, -117.4569,  3056.2427, -384.8888, -118.7515,  0, 0, 0
L 3056.2427, -384.8888, -118.7515,  3056.0349, -353.7928, -119.1819,  0, 0, 0
L 3056.0349, -353.7928, -119.1819,  3032.5439, -353.6109, -118.0656,  0, 0, 0
L 3032.5439, -353.6109, -118.0656,  3032.6321, -365.1831, -117.8645,  0, 0, 0
L 2986.2122, -374.1764, -115.4162,  2986.2153, -385.1725, -115.1646,  0, 0, 0
L 2986.2153, -385.1725, -115.1646,  2963.0391, -384.7245, -113.9766,  0, 0, 0
L 2963.0391, -384.7245, -113.9766,  2962.5061, -353.6962, -114.7962,  0, 0, 0
L 2962.5061, -353.6962, -114.7962,  2986.8606, -353.3812, -115.8727,  0, 0, 0
L 2986.8606, -353.3812, -115.8727,  2986.2620, -365.1758, -115.5785,  0, 0, 0
L 2974.2134, -319.7952, -115.9455,  2957.6660, -327.8074, -115.1382,  0, 0, 0
L 2957.6660, -327.8074, -115.1382,  2949.7288, -315.5577, -115.0801,  0, 0, 0
L 2949.7288, -315.5577, -115.0801,  2966.2754, -305.0643, -115.9382,  0, 0, 0
L 2966.2754, -305.0643, -115.9382,  2966.2754, -305.0643, -115.9382,  0, 0, 0
L 2975.0867, -237.2019, -117.1000,  2987.4607, -261.6057, -117.3287,  0, 0, 0
L 2987.4607, -261.6057, -117.3287,  2968.9456, -273.3896, -116.5065,  0, 0, 0
L 2968.1318, -272.4000, -116.4964,  2933.6968, -212.1366, -116.2547,  0, 0, 0
L 2933.6968, -212.1366, -116.2547,  2952.9685, -202.1008, -117.1518,  0, 0, 0
L 2952.9685, -202.1008, -117.1518,  2967.4424, -225.1553, -117.0435,  0, 0, 0
P -1708.8167, -967.9631, 458.9814,  255, 0, 0,  3,  to_Theater_of_Eternity_(Torin)
P -2331.0940, -1193.0431, 461.8949,  0, 127, 0,  2,  a_Crystalwing_merchant_(Merchant)
P -2075.0723, -1467.0337, 454.4022,  0, 240, 0,  2,  Marius_Carver_(Group_Merchant)
P -2157.9031, -1597.0486, 454.5149,  0, 0, 0,  2,  Councilmember_Myjinn
P -2148.7664, -1607.7068, 454.5060,  0, 0, 0,  2,  Councilmember_Lizzrel
P -2296.8799, -1871.9701, 480.0538,  0, 127, 127,  2,  Captain_Teiya_(Quests)
P -2271.8904, -1864.0038, 480.0504,  0, 0, 0,  2,  Emli_Widgetton
P -2363.7542, -1823.1803, 480.0709,  0, 127, 127,  2,  Sergeant_Malachi_(Quests)
P -2077.0667, -1751.7671, 454.3041,  0, 240, 0,  2,  Tamlin_Wrathbone_(Raid_Merchant)
P -1871.7051, -1847.5380, 497.5332,  0, 0, 0,  2,  Harla_Dar
P -1589.5636, -1390.8058, 466.6222,  0, 0, 0,  2,  Kelikolin_the_Enlightened
P -1571.6785, -1289.5735, 466.9828,  0, 0, 0,  2,  Venesh_the_Greenblood
P -1737.7903, -1234.1216, 437.2779,  0, 0, 0,  2,  Efiren_Soltai
P -1846.8372, -1221.5021, 437.2775,  0, 0, 0,  2,  Revol_Aleslay
P -1726.0430, -1489.8660, 437.2835,  0, 0, 0,  2,  Olmnoth
P -2532.3501, -885.1816, 490.8627,  0, 0, 0,  2,  Silverwing
P 304.7713, -927.4976, 278.6758,  240, 240, 240,  2,  Bandit_Camp
P 109.3976, 227.1372, -9.9372,  0, 0, 0,  2,  Bucktooth_XXVI
P 177.5931, 2334.3450, 76.5111,  240, 240, 240,  2,  Bandit_Camp
P 1589.0000, 2417.0000, -84.7118,  240, 0, 0,  3,  to_East_Freeport
P -479.0103, 2144.5120, 499.5852,  0, 0, 0,  2,  Arcanist_Aunrae_V`Len
P -1283.3467, 2408.0486, 52.2405,  240, 240, 240,  2,  Bandit_Camp
P -2317.9817, 1541.5719, 556.2983,  0, 0, 0,  2,  misery
P -1929.7566, 1572.9634, 559.6745,  0, 0, 0,  2,  insanity
P -1879.7417, 1451.7262, 559.6672,  0, 0, 0,  2,  dread
P -1347.7020, 1509.7151, 9.8733,  240, 0, 0,  3,  to_Nektulos_Forest
P 2166.5503, -269.0739, -47.5639,  240, 240, 240,  2,  Bandit_Camp
