P 1299.8333, 350.1791, -14.7524,  240, 0, 0,  3,  to_Plane_of_Tranquility
P -1047.0000, 342.0000, 1.0000,  240, 0, 0,  3,  to_The_Hero`s_Forge
P 189.0000, 1005.0000, 20.6459,  240, 0, 0,  3,  to_Unkemptwoods
P 127.1324, 1020.1036, 20.6449,  240, 0, 0,  3,  to_Pal`Lomen
P 146.5015, 1004.6088, 20.6449,  240, 0, 0,  3,  to_Timorous_Falls
P 176.2905, 925.6505, 20.6449,  240, 0, 0,  3,  to_Ankexfen_Keep
P 130.0782, 927.8676, 20.6449,  240, 0, 0,  3,  to_Moors_of_Nokk
P 119.0427, 1058.5873, -7.0945,  240, 240, 240,  2,  15
P 601.1077, 1269.8019, -11.9448,  0, 127, 0,  2,  Cogsworth_Fizzlespring_(Raid_Merchant)
P 543.2724, 764.9940, -15.0426,  0, 0, 0,  2,  Smokey_(Roam)
P 219.8842, 914.0820, 23.7812,  255, 255, 255,  1,  .
P 275.8060, 1059.6709, -6.9754,  255, 255, 255,  1,  .
P 818.0417, 510.1143, -14.1696,  255, 255, 255,  1,  .
P 232.0386, 269.7192, -15.0925,  255, 255, 255,  1,  .
P 564.0000, 447.0000, -14.0000,  255, 255, 255,  1,  .
P -1085.0000, -652.0000, 17.0000,  255, 255, 255,  1,  .
P -1071.0000, -697.0000, 19.0000,  255, 255, 255,  1,  .
P -552.2791, 1143.8875, -8.5182,  255, 255, 255,  1,  .
P -692.2751, 1288.0165, -31.1218,  255, 255, 255,  1,  .
P 1029.7533, 1184.0990, -62.4141,  255, 255, 255,  1,  .
P 77.3719, 984.7427, 20.3132,  240, 240, 240,  2,  8
P 188.3585, 1005.1976, 20.3132,  240, 240, 240,  1,  4
P 241.8861, 1013.9246, 20.3132,  240, 240, 240,  2,  2
P 240.7243, 1056.5037, 20.3132,  240, 240, 240,  2,  3
P 242.1602, 974.0129, 20.3132,  240, 240, 240,  2,  1
P 38.9493, 913.2999, 20.3132,  0, 0, 0,  2,  Thornel_Grayleaf
P 62.1996, 889.9503, 20.3132,  0, 127, 0,  2,  Erasmus_Waterford_(Wizard_&_Magician_Spells)
P 63.2820, 843.0297, 20.3132,  0, 127, 0,  2,  Charice_Malfor_(Augments)
P 50.2275, 832.4854, 20.3132,  0, 127, 0,  2,  Lauren_Festule_(Augments)
P 35.4615, 840.9033, 20.3132,  0, 127, 0,  2,  Victor_Pedalfoot_(Augments)
P 221.3320, 922.3376, 20.3132,  0, 0, 0,  2,  Bamf_Oceanaut
P 234.9220, 913.1342, 20.3132,  0, 127, 0,  2,  Buthor_Glades_(Ranger_&_Druid_Spells)
P 262.2117, 934.9788, 20.4305,  0, 127, 0,  2,  Grample_Spruce_(Shaman_&_Beastlord_Spells)
P 276.1693, 934.9089, 20.3132,  0, 127, 0,  2,  Malessence_Torte_(Necromancer_&_Shadowknight_Spells)
P 246.5851, 900.0459, 20.3132,  0, 127, 0,  2,  Bradword_Clang_(Enchanter_&_Bard_Spells)
P 245.8240, 890.0967, 20.3132,  0, 127, 0,  2,  Faustus_Grotter_(Cleric_&_Paladin_Spells)
P 246.2002, 880.1595, 20.3132,  0, 127, 0,  2,  Frost_Hardwood_(Melee_Tomes)
P 248.9888, 832.9016, 20.3132,  0, 240, 0,  2,  Feldryn_L`Deth_(Group_and_Parcel)
P 260.7958, 834.5446, -5.1725,  0, 240, 240,  2,  Elistyl_Kanghammer_(Mission,Raid)
P 249.4281, 834.7566, -5.1725,  0, 0, 0,  2,  Dextris_Kanghammer
P 84.2619, 847.1490, -7.4262,  0, 0, 0,  2,  Elbok_Bonesnapper_(Roam)
P 61.7049, 835.9198, -7.4262,  0, 127, 127,  2,  Ansie_(Quests)
P 51.9407, 834.2567, -7.4262,  0, 127, 127,  2,  Calam_(Quests)
P 31.9567, 842.3723, -5.5596,  0, 0, 0,  2,  Barrank
P 38.7240, 865.0349, -6.0161,  0, 0, 0,  2,  Allegro
P 190.7213, 885.4042, -5.8950,  0, 0, 0,  2,  Hart
P 203.5515, 882.6833, -7.4262,  0, 0, 0,  2,  Tak
P 197.6284, 870.4615, -7.4262,  0, 0, 0,  2,  Yuly
P 224.4595, 921.5847, -7.4262,  0, 240, 240,  2,  Shalowain_(Mission,Raid,Roam)
P 218.6410, 919.6910, -7.4262,  0, 240, 240,  2,  Elisel_(Bar,Mission,Raid)
P 141.8939, 911.3680, -2.9039,  0, 0, 0,  2,  Adaha
P 123.9380, 915.1714, -2.9039,  0, 0, 0,  2,  Gael_Le_Rhytid
P 112.6959, 912.3334, -2.9039,  0, 0, 0,  2,  Rhysl_Dorbint
P 120.5963, 923.0128, -2.9039,  0, 0, 0,  2,  Erol_Xybella
P 129.8333, 920.9966, -2.9039,  0, 0, 0,  2,  Llaydo_Tamms
P 62.9081, 899.2558, -7.4262,  0, 240, 240,  2,  Bidils_the_Quickhand_(Raid)
P 50.1460, 895.4680, -7.4262,  0, 240, 240,  2,  Dhakka_Nogg_(Raid)
P 54.7017, 907.6254, -7.4262,  0, 240, 240,  2,  Thormir_Helmsbane_(Raid)
P 252.6883, 1036.0922, -7.3071,  0, 0, 0,  2,  Baker_Hylda
P 503.8069, 845.1738, -15.3744,  0, 0, 0,  2,  Trouble
P 526.8953, 846.6695, -15.3744,  0, 0, 0,  2,  Sephrim_Harkin
P 557.0668, 1268.8506, -15.9049,  0, 0, 0,  2,  Grumble_(Roam)
P 215.1248, 977.5630, -7.3071,  0, 127, 0,  2,  a_confused_patron_(Merchant)
P -844.9319, 1015.1178, -50.0606,  240, 240, 240,  1,  .
P -1201.7527, 555.0526, -6.6882,  240, 240, 240,  1,  .
P -317.9741, -1023.0168, 17.9871,  240, 240, 240,  1,  .
P 220.2405, 799.5339, -13.8493,  240, 240, 0,  1,  .
P 260.0165, 929.6155, 21.8286,  240, 240, 0,  1,  .
P -78.1870, 671.8536, -15.0426,  240, 240, 0,  1,  .
P 808.0098, 1266.9960, -94.2996,  240, 240, 240,  1,  .
P 1323.8350, 922.2719, -15.0265,  240, 240, 240,  1,  .
P 1336.8097, 605.6306, -15.0426,  240, 240, 240,  1,  .
P 1286.0865, 528.4246, -15.0426,  240, 240, 240,  1,  .
