P 771, 1011, -28, 240, 0, 0, 3, to_Laurion_Inn
P 623, 240, -44, 0, 127, 127, 2, Hathnyr_(Quests)
P 230, 480, -27, 0, 127, 127, 2, Thormir_Helmsbane_(Quests)
P 831, -887, 6, 0, 127, 127, 2, Sorifyn_(Quests)
P 1121, -600, 7, 0, 127, 127, 2, Moliwyn_(Quests)
P -1122, -70, -36, 0, 0, 0, 2, Dok
P -395, 688, -30, 0, 0, 0, 2, Elthar
P 268, 515, -25, 0, 0, 0, 2, Shalowain
P -939, 472, 1, 0, 0, 0, 2, Glerbard
P -918, 844, -35, 0, 0, 0, 2, Snart
P -719, 690, -36, 127, 64, 0, 2, Crusher_the_Rusher_(Hunter)
P 858, -876, 114, 240, 240, 240, 1, .
P -531, 958, -29, 240, 240, 240, 1, .
P -734, -377, -34, 240, 240, 0, 1, .
P -697, -807, -40, 240, 240, 0, 1, .
P -284, 845, -36, 240, 240, 240, 1, .