L -2008.8815, -174.5054, 0.5849,  -2013.6398, -191.7679, -5.7019,  127, 127, 127
L -2013.6398, -191.7679, -5.7019,  -2028.7865, -206.8216, -7.1565,  127, 127, 127
L -2028.7865, -206.8216, -7.1565,  -2033.8976, -220.5048, -7.5366,  127, 127, 127
L -2033.8976, -220.5048, -7.5366,  -2040.0652, -217.8452, -7.4056,  127, 127, 127
L -2040.0652, -217.8452, -7.4056,  -2043.3351, -213.5402, -7.1643,  127, 127, 127
L -2043.3351, -213.5402, -7.1643,  -2049.8672, -218.0544, -7.2143,  127, 127, 127
L -2049.8672, -218.0544, -7.2143,  -2052.7227, -227.6009, -7.4504,  127, 127, 127
L -2052.7227, -227.6009, -7.4504,  -2052.0762, -241.8064, -7.4628,  127, 127, 127
L -2052.0762, -241.8064, -7.4628,  -2050.6426, -252.8323, -7.4060,  127, 127, 127
L -2050.6426, -252.8323, -7.4060,  -2063.0557, -241.6911, -7.4011,  127, 127, 127
L -2063.0557, -241.6911, -7.4011,  -2067.1792, -235.7342, -7.3336,  127, 127, 127
L -2067.1792, -235.7342, -7.3336,  -2075.0984, -231.2120, -6.8771,  127, 127, 127
L -2075.0984, -231.2120, -6.8771,  -2078.1514, -230.9602, -6.6702,  127, 127, 127
L -2078.1514, -230.9602, -6.6702,  -2084.2576, -248.9316, -7.2837,  127, 127, 127
L -2084.2576, -248.9316, -7.2837,  -2082.3411, -256.9818, -7.4042,  127, 127, 127
L -2082.3411, -256.9818, -7.4042,  -2089.3904, -255.5925, -7.2704,  127, 127, 127
L -2089.3904, -255.5925, -7.2704,  -2100.6907, -258.8996, -6.8806,  127, 127, 127
L -2100.6907, -258.8996, -6.8806,  -2101.9622, -263.5252, -7.0421,  127, 127, 127
L -2101.9622, -263.5252, -7.0421,  -2104.4126, -266.8570, -7.0676,  127, 127, 127
L -2104.4126, -266.8570, -7.0676,  -2105.0508, -282.4973, -7.3943,  127, 127, 127
L -2105.0508, -282.4973, -7.3943,  -2110.3235, -295.3289, -7.4061,  127, 127, 127
L -2110.3235, -295.3289, -7.4061,  -2109.0098, -302.7144, -7.4061,  127, 127, 127
L -2109.0098, -302.7144, -7.4061,  -2109.8328, -305.6964, -7.4061,  127, 127, 127
L -2109.8328, -305.6964, -7.4061,  -2105.0684, -313.6415, -7.4061,  127, 127, 127
L -2105.0684, -313.6415, -7.4061,  -2101.7632, -328.3854, -7.4061,  127, 127, 127
L -2101.7632, -328.3854, -7.4061,  -2113.0728, -332.6533, -7.4061,  127, 127, 127
L -2113.0728, -332.6533, -7.4061,  -2120.6116, -331.4407, -7.4061,  127, 127, 127
L -2120.6116, -331.4407, -7.4061,  -2122.7837, -334.6428, -7.3913,  127, 127, 127
L -2122.7837, -334.6428, -7.3913,  -2127.6277, -336.5982, -7.3646,  127, 127, 127
L -2127.6277, -336.5982, -7.3646,  -2133.3125, -349.8665, -7.1858,  127, 127, 127
L -2133.3125, -349.8665, -7.1858,  -2143.0767, -357.5769, -6.6152,  127, 127, 127
L -2143.0767, -357.5769, -6.6152,  -2143.7444, -361.5006, -6.6660,  127, 127, 127
L -2143.7444, -361.5006, -6.6660,  -2146.0042, -365.3326, -6.5826,  127, 127, 127
L -2146.0042, -365.3326, -6.5826,  -2142.7798, -379.9560, -7.2730,  127, 127, 127
L -2142.7798, -379.9560, -7.2730,  -2140.3079, -381.7960, -7.3727,  127, 127, 127
L -2140.3079, -381.7960, -7.3727,  -2136.0330, -388.4362, -7.4061,  127, 127, 127
L -2136.0330, -388.4362, -7.4061,  -2142.5308, -390.6740, -7.4047,  127, 127, 127
L -2142.5308, -390.6740, -7.4047,  -2150.8328, -407.0088, -7.4061,  127, 127, 127
L -2150.8328, -407.0088, -7.4061,  -2147.1187, -412.2916, -7.4061,  127, 127, 127
L -2147.1187, -412.2916, -7.4061,  -2139.6370, -418.7031, -7.4061,  127, 127, 127
L -2139.6370, -418.7031, -7.4061,  -2131.7410, -421.4511, -7.4061,  127, 127, 127
L -2131.7410, -421.4511, -7.4061,  -2115.7671, -431.5275, -7.4061,  127, 127, 127
L -2115.7671, -431.5275, -7.4061,  -2124.7344, -435.0459, -7.4039,  127, 127, 127
L -2124.7344, -435.0459, -7.4039,  -2134.0867, -441.0262, -7.4039,  127, 127, 127
L -2134.0867, -441.0262, -7.4039,  -2138.3655, -450.1284, -7.3891,  127, 127, 127
L -2138.3655, -450.1284, -7.3891,  -2136.2139, -460.7728, -7.1593,  127, 127, 127
L -2136.2139, -460.7728, -7.1593,  -2128.8555, -464.2780, -6.8557,  127, 127, 127
L -2128.8555, -464.2780, -6.8557,  -2123.4197, -470.9589, -6.2867,  127, 127, 127
L -2123.4197, -470.9589, -6.2867,  -2129.4329, -481.0070, -5.7294,  127, 127, 127
L -2129.4329, -481.0070, -5.7294,  -2131.8418, -500.3355, -4.0550,  127, 127, 127
L -2131.8418, -500.3355, -4.0550,  -2146.4563, -507.5471, -3.8861,  127, 127, 127
L -2146.4563, -507.5471, -3.8861,  -2149.0894, -511.5447, -3.5382,  127, 127, 127
L -2149.0894, -511.5447, -3.5382,  -2136.5420, -522.4230, -2.0133,  127, 127, 127
L -2136.5420, -522.4230, -2.0133,  -2131.6033, -531.1039, -1.0100,  127, 127, 127
L -2131.6033, -531.1039, -1.0100,  -2120.3943, -533.5232, -0.4834,  127, 127, 127
L -2120.3943, -533.5232, -0.4834,  -2103.2444, -532.4537, -0.0282,  127, 127, 127
L -2103.2444, -532.4537, -0.0282,  -2096.7676, -536.3384, 0.3758,  127, 127, 127
L -2096.7676, -536.3384, 0.3758,  -2101.8042, -542.0001, 0.5475,  127, 127, 127
L -2101.8042, -542.0001, 0.5475,  -2092.6658, -551.1345, 0.8967,  127, 127, 127
L -2092.6658, -551.1345, 0.8967,  -2090.5264, -553.2717, 0.9702,  127, 127, 127
L -2090.5264, -553.2717, 0.9702,  -2088.1509, -563.8068, 2.4776,  127, 127, 127
L -1995.2549, -222.0305, -13.5358,  -1971.6388, -203.6156, -17.4297,  127, 127, 127
L -1971.6388, -203.6156, -17.4297,  -1960.4684, -202.5017, -17.4297,  127, 127, 127
L -1960.4684, -202.5017, -17.4297,  -1945.1039, -211.8342, -17.4297,  127, 127, 127
L -1945.1039, -211.8342, -17.4297,  -1936.4314, -207.7772, -17.4297,  127, 127, 127
L -1936.4314, -207.7772, -17.4297,  -1937.3301, -194.6535, -17.4297,  127, 127, 127
L -1937.3301, -194.6535, -17.4297,  -1919.2383, -175.3357, -17.4297,  127, 127, 127
L -1919.2383, -175.3357, -17.4297,  -1912.5497, -158.0817, -17.4297,  127, 127, 127
L -1912.5497, -158.0817, -17.4297,  -1884.8268, -142.3884, -17.3608,  127, 127, 127
L -1884.8268, -142.3884, -17.3608,  -1871.6403, -148.1986, -15.3989,  127, 127, 127
L -1871.6403, -148.1986, -15.3989,  -1862.6996, -146.6230, -15.3379,  127, 127, 127
L -1862.6996, -146.6230, -15.3379,  -1861.3512, -138.6958, -15.3379,  127, 127, 127
L -1861.3512, -138.6958, -15.3379,  -1856.1294, -124.9377, -15.3685,  127, 127, 127
L -1856.1294, -124.9377, -15.3685,  -1857.6421, -105.0425, -17.3692,  127, 127, 127
L -1857.6421, -105.0425, -17.3692,  -1855.2168, -90.8107, -17.3786,  127, 127, 127
L -1855.2168, -90.8107, -17.3786,  -1844.0713, -80.4800, -17.3827,  127, 127, 127
L -1844.0713, -80.4800, -17.3827,  -1834.1165, -78.6620, -17.3773,  127, 127, 127
L -1834.1165, -78.6620, -17.3773,  -1818.6515, -69.4115, -17.2982,  127, 127, 127
L -1818.6515, -69.4115, -17.2982,  -1813.8068, -47.8173, -15.1387,  127, 127, 127
L -1813.8068, -47.8173, -15.1387,  -1814.1305, -35.4876, -15.1387,  127, 127, 127
L -1814.1305, -35.4876, -15.1387,  -1821.6647, -27.2253, -15.1387,  127, 127, 127
L -1821.6647, -27.2253, -15.1387,  -1824.2997, -4.8171, -14.0128,  127, 127, 127
L -1891.3560, 72.6928, -6.2013,  -1881.3606, 77.1590, -10.1359,  127, 127, 127
L -1881.3606, 77.1590, -10.1359,  -1873.1410, 91.0846, -12.9087,  127, 127, 127
L -1873.1410, 91.0846, -12.9087,  -1864.5365, 86.3205, -14.2170,  127, 127, 127
L -1864.5365, 86.3205, -14.2170,  -1863.2267, 94.3043, -14.6590,  127, 127, 127
L -1863.2267, 94.3043, -14.6590,  -1869.8351, 112.8360, -14.3043,  127, 127, 127
L -1869.8351, 112.8360, -14.3043,  -1869.9380, 127.1867, -14.6326,  127, 127, 127
L -1869.9380, 127.1867, -14.6326,  -1861.0861, 134.4076, -14.6473,  127, 127, 127
L -1861.0861, 134.4076, -14.6473,  -1856.4751, 150.4465, -14.6473,  127, 127, 127
L -1856.4751, 150.4465, -14.6473,  -1851.3953, 148.3154, -14.6474,  127, 127, 127
L -1851.3953, 148.3154, -14.6474,  -1836.7345, 133.9849, -14.6477,  127, 127, 127
L -1836.7345, 133.9849, -14.6477,  -1816.9402, 140.5290, -14.6474,  127, 127, 127
L -1816.9402, 140.5290, -14.6474,  -1801.0977, 141.1632, -14.6471,  127, 127, 127
L -1801.0977, 141.1632, -14.6471,  -1801.6200, 159.4715, -14.6470,  127, 127, 127
L -1801.6200, 159.4715, -14.6470,  -1793.3987, 169.7371, -14.6470,  127, 127, 127
L -1793.3987, 169.7371, -14.6470,  -1782.7090, 172.9097, -14.6470,  127, 127, 127
L -1782.7090, 172.9097, -14.6470,  -1767.9054, 169.9959, -14.6470,  127, 127, 127
L -1767.9054, 169.9959, -14.6470,  -1757.9585, 165.2882, -14.6470,  127, 127, 127
L -1757.9585, 165.2882, -14.6470,  -1764.5961, 188.9243, -14.6470,  127, 127, 127
L -1764.5961, 188.9243, -14.6470,  -1770.0989, 196.5325, -14.6470,  127, 127, 127
L -1770.0989, 196.5325, -14.6470,  -1774.2018, 209.4803, -14.6470,  127, 127, 127
L -1774.2018, 209.4803, -14.6470,  -1774.6426, 215.8457, -14.6470,  127, 127, 127
L -1774.6426, 215.8457, -14.6470,  -1767.4922, 219.1779, -14.6470,  127, 127, 127
L -1767.4922, 219.1779, -14.6470,  -1756.3556, 228.5569, -14.6470,  127, 127, 127
L -1756.3556, 228.5569, -14.6470,  -1747.6537, 226.6845, -14.6470,  127, 127, 127
L -1747.6537, 226.6845, -14.6470,  -1751.6952, 240.7291, -14.6470,  127, 127, 127
L -1751.6952, 240.7291, -14.6470,  -1750.7112, 259.1654, -14.6470,  127, 127, 127
L -1750.7112, 259.1654, -14.6470,  -1746.2476, 264.0137, -14.6470,  127, 127, 127
L -1746.2476, 264.0137, -14.6470,  -1744.4982, 268.7630, -14.6470,  127, 127, 127
L -1744.4982, 268.7630, -14.6470,  -1730.3975, 278.4601, -14.5004,  127, 127, 127
L -1698.8064, 286.7358, -14.0556,  -1648.3024, 265.1675, -15.6772,  127, 127, 127
L -1648.3024, 265.1675, -15.6772,  -1644.1736, 251.4058, -15.5869,  127, 127, 127
L -1644.1736, 251.4058, -15.5869,  -1637.2688, 245.6605, -14.9062,  127, 127, 127
L -1637.2688, 245.6605, -14.9062,  -1627.5785, 249.6172, -15.6872,  127, 127, 127
L -1627.5785, 249.6172, -15.6872,  -1615.9867, 252.7856, -15.6872,  127, 127, 127
L -1615.9867, 252.7856, -15.6872,  -1600.0370, 266.6462, -15.6872,  127, 127, 127
L -1600.0370, 266.6462, -15.6872,  -1587.1648, 272.8820, -15.6872,  127, 127, 127
L -1587.1648, 272.8820, -15.6872,  -1572.2112, 269.8752, -15.6872,  127, 127, 127
L -1572.2112, 269.8752, -15.6872,  -1564.9213, 262.5423, -15.6872,  127, 127, 127
L -1564.9213, 262.5423, -15.6872,  -1549.3954, 255.3676, -15.6872,  127, 127, 127
L -1549.3954, 255.3676, -15.6872,  -1528.7853, 262.7171, -15.6872,  127, 127, 127
L -1528.7853, 262.7171, -15.6872,  -1519.3925, 269.3107, -15.6872,  127, 127, 127
L -1519.3925, 269.3107, -15.6872,  -1503.7970, 272.1497, -15.6872,  127, 127, 127
L -1503.7970, 272.1497, -15.6872,  -1494.7516, 266.0054, -15.6872,  127, 127, 127
L -1494.7516, 266.0054, -15.6872,  -1486.4694, 251.6365, -15.6872,  127, 127, 127
L -1486.4694, 251.6365, -15.6872,  -1477.0696, 248.7084, -15.6872,  127, 127, 127
L -1477.0696, 248.7084, -15.6872,  -1472.1626, 244.7831, -15.6872,  127, 127, 127
L -1472.1626, 244.7831, -15.6872,  -1462.7339, 250.6240, -15.6872,  127, 127, 127
L -1462.7339, 250.6240, -15.6872,  -1452.8407, 263.9632, -15.6872,  127, 127, 127
L -1452.8407, 263.9632, -15.6872,  -1421.1464, 274.7968, -15.6872,  127, 127, 127
L -1421.1464, 274.7968, -15.6872,  -1409.9529, 268.7664, -15.6872,  127, 127, 127
L -1409.9529, 268.7664, -15.6872,  -1388.8228, 268.9875, -15.6872,  127, 127, 127
L -1388.8228, 268.9875, -15.6872,  -1387.1858, 258.8467, -15.6872,  127, 127, 127
L -1387.1858, 258.8467, -15.6872,  -1377.9716, 262.6934, -16.0886,  127, 127, 127
L -1377.9716, 262.6934, -16.0886,  -1364.3517, 278.2002, -15.9948,  127, 127, 127
L -1364.3517, 278.2002, -15.9948,  -1351.3053, 287.7964, -15.9688,  127, 127, 127
L -1351.3053, 287.7964, -15.9688,  -1337.3687, 287.9437, -14.4495,  127, 127, 127
L -1337.3687, 287.9437, -17.4485,  -1337.2333, 273.8853, -18.3241,  127, 127, 127
L -1337.2333, 273.8853, -18.2660,  -1306.8053, 273.9719, -17.3794,  127, 127, 127
L -1306.8053, 273.9719, -17.3794,  -1270.9932, 238.5747, -18.8244,  127, 127, 127
L -1270.9932, 238.5747, -18.5950,  -1235.1681, 273.9715, -22.4884,  127, 127, 127
L -1235.1681, 273.9715, -22.4884,  -1204.7256, 273.8839, -19.2399,  127, 127, 127
L -1204.7256, 273.8839, -19.0088,  -1205.0309, 304.5363, -13.3701,  127, 127, 127
L -1205.0309, 304.5363, -13.3701,  -1203.4572, 306.1874, -13.3657,  127, 127, 127
L -988.6157, 399.5201, -4.1758,  -980.2551, 398.5392, -5.2812,  127, 127, 127
L -980.2551, 398.5392, -5.2812,  -965.3068, 405.5465, -5.2813,  127, 127, 127
L -965.3068, 405.5465, -5.2813,  -960.8019, 398.4864, -5.2812,  127, 127, 127
L -960.8019, 398.4864, -5.2812,  -955.6851, 403.7704, -5.2812,  127, 127, 127
L -955.6851, 403.7704, -5.2812,  -951.2047, 419.7361, -5.2798,  127, 127, 127
L -951.2047, 419.7361, -5.2798,  -944.7897, 429.9297, -5.1676,  127, 127, 127
L -944.7897, 429.9297, -5.1676,  -934.2599, 431.8412, -4.8282,  127, 127, 127
L -934.2599, 431.8412, -4.8282,  -920.4983, 439.6034, -3.0815,  127, 127, 127
L -920.4983, 439.6034, -3.0815,  -917.6495, 435.7447, -3.4997,  127, 127, 127
L -917.6495, 435.7447, -3.4997,  -916.1165, 420.0498, -4.8254,  127, 127, 127
L -916.1165, 420.0498, -4.8254,  -899.2605, 411.3023, -4.3975,  127, 127, 127
L -899.2605, 411.3023, -4.3975,  -890.5139, 401.9930, -4.8195,  127, 127, 127
L -890.5139, 401.9930, -4.8195,  -882.0284, 405.4099, -4.2454,  127, 127, 127
L -882.0284, 405.4099, -4.2454,  -877.2537, 410.1107, -3.5641,  127, 127, 127
L -877.2537, 410.1107, -3.5641,  -865.7650, 408.2673, -3.8045,  127, 127, 127
L -865.7650, 408.2673, -3.8045,  -859.6454, 401.9999, -4.2097,  127, 127, 127
L -859.6454, 401.9999, -4.2097,  -856.8726, 390.2149, -5.0831,  127, 127, 127
L -856.8726, 390.2149, -5.0831,  -857.2802, 381.2058, -5.2812,  127, 127, 127
L -857.2802, 381.2058, -5.2812,  -841.5676, 392.7777, -4.6923,  127, 127, 127
L -841.5676, 392.7777, -4.6923,  -837.0327, 398.6005, -3.9153,  127, 127, 127
L -837.0327, 398.6005, -3.9153,  -827.4645, 404.0135, -2.9145,  127, 127, 127
L -827.4645, 404.0135, -2.9145,  -821.7147, 405.4799, -2.3231,  127, 127, 127
L -821.7147, 405.4799, -2.3231,  -818.6602, 400.9277, -2.7023,  127, 127, 127
L -818.6602, 400.9277, -2.7023,  -809.1763, 392.1499, -3.5640,  127, 127, 127
L -809.1763, 392.1499, -3.5640,  -810.1211, 384.7979, -4.4418,  127, 127, 127
L -810.1211, 384.7979, -4.4418,  -801.1790, 387.0323, -4.1666,  127, 127, 127
L -801.1790, 387.0323, -4.1666,  -798.9363, 388.6227, -3.9958,  127, 127, 127
L -798.9363, 388.6227, -3.9958,  -784.5209, 387.0737, -4.6512,  127, 127, 127
L -784.5209, 387.0737, -4.6512,  -781.6475, 383.3653, -5.1841,  127, 127, 127
L -781.6475, 383.3653, -5.1841,  -777.7578, 381.1951, -5.5051,  127, 127, 127
L -777.7578, 381.1951, -5.5051,  -773.7571, 369.1902, -6.8537,  127, 127, 127
L -773.7571, 369.1902, -6.8537,  -763.9387, 355.7794, -8.6894,  127, 127, 127
L -763.9387, 355.7794, -8.6894,  -762.8926, 350.3146, -9.2450,  127, 127, 127
L -762.8926, 350.3146, -9.2450,  -760.4156, 347.9744, -9.6280,  127, 127, 127
L -760.4156, 347.9744, -9.6280,  -762.9647, 340.6482, -10.0851,  127, 127, 127
L -762.9647, 340.6482, -10.0851,  -760.4415, 328.9308, -11.0628,  127, 127, 127
L -760.4415, 328.9308, -11.0628,  -745.3032, 329.6869, -12.4767,  127, 127, 127
L -745.3032, 329.6869, -12.4767,  -736.5214, 332.8656, -12.4631,  127, 127, 127
L -736.5214, 332.8656, -12.4631,  -732.3253, 331.2002, -12.7709,  127, 127, 127
L -732.3253, 331.2002, -12.7709,  -726.2663, 331.5477, -12.7804,  127, 127, 127
L -726.2663, 331.5477, -12.7804,  -715.4182, 327.2093, -13.5765,  127, 127, 127
L -715.4182, 327.2093, -13.5765,  -701.6082, 332.2696, -12.2835,  127, 127, 127
L -701.6082, 332.2696, -12.2835,  -697.9598, 331.2126, -12.3669,  127, 127, 127
L -697.9598, 331.2126, -12.3669,  -686.4704, 331.5323, -12.2042,  127, 127, 127
L -690.6262, 340.3080, -5.9653,  -679.6060, 329.2873, -6.0849,  0, 0, 0
L -668.3834, 340.5143, -6.1343,  -679.6060, 329.2873, -5.9840,  0, 0, 0
L -1251.9657, 530.6633, 6.3615,  -1263.8655, 534.6393, 7.0430,  127, 127, 127
L -1263.8655, 534.6393, 7.0430,  -1278.8085, 526.2416, 6.3109,  127, 127, 127
L -1278.8085, 526.2416, 6.3109,  -1296.0326, 510.8321, 4.3805,  127, 127, 127
L -1296.0326, 510.8321, 4.3805,  -1306.0420, 508.0703, 3.6931,  127, 127, 127
L -1306.0420, 508.0703, 3.6931,  -1305.5564, 519.2990, 4.8934,  127, 127, 127
L -1305.5564, 519.2990, 4.8934,  -1326.2024, 522.2125, 4.5833,  127, 127, 127
L -1326.2024, 522.2125, 4.5833,  -1336.1879, 530.4629, 4.7922,  127, 127, 127
L -1336.1879, 530.4629, 4.7922,  -1370.0231, 524.1202, 3.3170,  127, 127, 127
L -1370.0231, 524.1202, 3.3170,  -1381.6023, 513.1498, 2.0417,  127, 127, 127
L -1381.6023, 513.1498, 2.0417,  -1392.5912, 509.0407, 1.4404,  127, 127, 127
L -1392.5912, 509.0407, 1.4404,  -1396.3427, 513.3826, 1.7996,  127, 127, 127
L -1396.3427, 513.3826, 1.7996,  -1405.4491, 518.7642, 2.0739,  127, 127, 127
L -1405.4491, 518.7642, 2.0739,  -1410.5938, 533.2034, 3.3448,  127, 127, 127
L -1410.5938, 533.2034, 3.3448,  -1418.7372, 541.1482, 3.9352,  127, 127, 127
L -1418.7372, 541.1482, 3.9352,  -1434.5557, 541.0408, 3.1277,  127, 127, 127
L -1434.5557, 541.0408, 3.1277,  -1446.0387, 535.8339, 2.0690,  127, 127, 127
L -1446.0387, 535.8339, 2.0690,  -1466.8892, 532.8304, 1.5686,  127, 127, 127
L -1466.8892, 532.8304, 1.5686,  -1480.7323, 542.5981, 2.7058,  127, 127, 127
L -1480.7323, 542.5981, 2.7058,  -1486.5396, 550.8680, 3.6121,  127, 127, 127
L -1486.5396, 550.8680, 3.6121,  -1500.5768, 556.3422, 4.2879,  127, 127, 127
L -1500.5768, 556.3422, 4.2879,  -1514.4961, 552.4102, 3.6107,  127, 127, 127
L -1514.4961, 552.4102, 3.6107,  -1533.1968, 541.1678, 1.7300,  127, 127, 127
L -1533.1968, 541.1678, 1.7300,  -1545.8550, 540.3267, 1.2934,  127, 127, 127
L -1545.8550, 540.3267, 1.2934,  -1554.2898, 537.9125, 0.9747,  127, 127, 127
L -1554.2898, 537.9125, 0.9747,  -1560.3510, 544.9117, 1.5982,  127, 127, 127
L -1560.3510, 544.9117, 1.5982,  -1562.2051, 559.3781, 3.1125,  127, 127, 127
L -1562.2051, 559.3781, 3.1125,  -1591.7565, 576.1105, 5.3429,  127, 127, 127
L -1591.7565, 576.1105, 5.3429,  -1602.7974, 586.2059, 9.8827,  127, 127, 127
L -1712.0320, 538.4498, 3.2157,  -1729.7594, 539.5912, 1.0734,  127, 127, 127
L -1729.7594, 539.5912, 1.0734,  -1744.8759, 553.0334, 1.0891,  127, 127, 127
L -1744.8759, 553.0334, 1.0891,  -1758.4137, 556.8923, 1.0314,  127, 127, 127
L -1758.4137, 556.8923, 1.0314,  -1756.8091, 563.1092, 1.0811,  127, 127, 127
L -1756.8091, 563.1092, 1.0811,  -1752.7063, 566.9695, 1.1911,  127, 127, 127
L -1752.7063, 566.9695, 1.1911,  -1757.7074, 573.1367, 1.2284,  127, 127, 127
L -1757.7074, 573.1367, 1.2284,  -1767.5287, 575.2089, 1.1077,  127, 127, 127
L -1767.5287, 575.2089, 1.1077,  -1783.3075, 572.9484, 1.0314,  127, 127, 127
L -1783.3075, 572.9484, 1.0314,  -1792.6814, 570.3577, 1.0314,  127, 127, 127
L -1792.6814, 570.3577, 1.0314,  -1782.0768, 584.5970, 1.0728,  127, 127, 127
L -1782.0768, 584.5970, 1.0728,  -1776.6084, 589.1976, 1.2983,  127, 127, 127
L -1776.6084, 589.1976, 1.2983,  -1772.8467, 596.9250, 2.1509,  127, 127, 127
L -1772.8467, 596.9250, 2.1509,  -1772.8250, 600.2972, 2.6783,  127, 127, 127
L -1772.8250, 600.2972, 2.6783,  -1778.8772, 601.0818, 2.4645,  127, 127, 127
L -1778.8772, 601.0818, 2.4645,  -1791.1609, 604.9760, 2.2015,  127, 127, 127
L -1791.1609, 604.9760, 2.2015,  -1799.2793, 602.2071, 1.4721,  127, 127, 127
L -1799.2793, 602.2071, 1.4721,  -1798.2477, 609.8865, 2.3910,  127, 127, 127
L -1798.2477, 609.8865, 2.3910,  -1802.4607, 620.4847, 3.5705,  127, 127, 127
L -1802.4607, 620.4847, 3.5705,  -1810.7560, 623.6345, 3.2742,  127, 127, 127
L -1810.7560, 623.6345, 3.2742,  -1825.6774, 622.7134, 3.8569,  127, 127, 127
L -1825.6774, 622.7134, 3.8569,  -1839.5673, 627.2270, 4.9374,  127, 127, 127
L -1839.5673, 627.2270, 4.9374,  -1849.7416, 625.9528, 4.2708,  127, 127, 127
L -1849.7416, 625.9528, 4.2708,  -1857.6304, 620.4585, 2.8056,  127, 127, 127
L -1857.6304, 620.4585, 2.8056,  -1871.5160, 616.1572, 1.5115,  127, 127, 127
L -1871.5160, 616.1572, 1.5115,  -1876.6144, 626.2158, 2.4295,  127, 127, 127
L -1876.6144, 626.2158, 2.4295,  -1876.4063, 634.6096, 3.8737,  127, 127, 127
L -1876.4063, 634.6096, 3.8737,  -1879.6669, 636.8817, 4.3068,  127, 127, 127
L -1879.6669, 636.8817, 4.3068,  -1881.6045, 640.9951, 5.1543,  127, 127, 127
L -1881.6045, 640.9951, 5.1543,  -1896.2256, 646.1601, 5.7018,  127, 127, 127
L -1896.2256, 646.1601, 5.7018,  -1904.1460, 654.9000, 7.6495,  127, 127, 127
L -1904.1460, 654.9000, 7.6495,  -1912.6122, 657.4337, 7.8755,  127, 127, 127
L -1912.6122, 657.4337, 7.8755,  -1926.4905, 652.8293, 5.5902,  127, 127, 127
L -1926.4905, 652.8293, 5.5902,  -1928.0735, 650.3447, 4.9556,  127, 127, 127
L -1928.0735, 650.3447, 4.9556,  -1935.1554, 645.1016, 3.3692,  127, 127, 127
L -1935.1554, 645.1016, 3.3692,  -1937.2205, 651.7830, 4.1419,  127, 127, 127
L -1937.2205, 651.7830, 4.1419,  -1949.5457, 655.9294, 3.4610,  127, 127, 127
L -1949.5457, 655.9294, 3.4610,  -1954.1342, 658.6923, 4.1936,  127, 127, 127
L -1954.1342, 658.6923, 4.1936,  -1959.1620, 654.4807, 3.5657,  127, 127, 127
L -1959.1620, 654.4807, 3.5657,  -1965.1370, 646.2582, 2.3824,  127, 127, 127
L -1965.1370, 646.2582, 2.3824,  -1966.8821, 639.0258, 1.5221,  127, 127, 127
L -1966.8821, 639.0258, 1.5221,  -1976.4634, 622.0723, 1.0314,  127, 127, 127
L -1976.4634, 622.0723, 1.0314,  -1979.5833, 629.8701, 1.0395,  127, 127, 127
L -1979.5833, 629.8701, 1.0395,  -1987.3445, 639.7986, 1.5800,  127, 127, 127
L -1987.3445, 639.7986, 1.5800,  -1996.0894, 642.8187, 1.7456,  127, 127, 127
L -1996.0894, 642.8187, 1.7456,  -2006.8390, 639.7424, 1.2005,  127, 127, 127
L -2006.8390, 639.7424, 1.2005,  -2009.0862, 633.2419, 1.0394,  127, 127, 127
L -2009.0862, 633.2419, 1.0394,  -2014.7260, 626.4623, 1.0314,  127, 127, 127
L -2014.7260, 626.4623, 1.0314,  -2027.3517, 631.7417, 1.0357,  127, 127, 127
L -2027.3517, 631.7417, 1.0357,  -2045.1073, 632.2855, 1.0412,  127, 127, 127
L -2045.1073, 632.2855, 1.0412,  -2053.9512, 646.2488, 1.4225,  127, 127, 127
L -2053.9512, 646.2488, 1.4225,  -2058.3035, 648.7585, 1.5141,  127, 127, 127
L -2058.3035, 648.7585, 1.5141,  -2068.7278, 644.1985, 1.2360,  127, 127, 127
L -2068.7278, 644.1985, 1.2360,  -2080.5337, 642.9797, 1.1400,  127, 127, 127
L -2080.5337, 642.9797, 1.1400,  -2090.1106, 639.3071, 1.0568,  127, 127, 127
L -2090.1106, 639.3071, 1.0568,  -2100.1250, 627.5931, 1.0313,  127, 127, 127
L -2100.1250, 627.5931, 1.0313,  -2107.8750, 624.6827, 1.0314,  127, 127, 127
L -2107.8750, 624.6827, 1.0314,  -2108.6001, 632.9324, 1.0313,  127, 127, 127
L -2108.6001, 632.9324, 1.0313,  -2124.3323, 633.0378, 1.0313,  127, 127, 127
L -2124.3323, 633.0378, 1.0313,  -2132.6028, 637.5627, 2.1739,  127, 127, 127
L -2273.3108, 380.7462, 18.8808,  -2265.8948, 383.5707, 18.8808,  0, 0, 0
L -2265.8948, 383.5707, 18.8808,  -2246.1602, 383.5832, 18.8807,  0, 0, 0
L -2246.1602, 383.5832, 18.8807,  -2236.8118, 380.1007, 18.8807,  0, 0, 0
L -2236.8118, 380.1007, 18.8807,  -2239.5271, 387.3338, 18.8807,  0, 0, 0
L -2239.5271, 387.3338, 18.8807,  -2224.7698, 387.3317, 18.8807,  0, 0, 0
L -2224.7698, 387.3317, 18.8807,  -2224.7681, 488.7076, 18.8808,  0, 0, 0
L -2224.7681, 488.7076, 18.8808,  -2239.4292, 488.7070, 18.8808,  0, 0, 0
L -2239.4292, 488.7070, 18.8808,  -2236.8064, 495.6888, 18.8808,  0, 0, 0
L -2236.8064, 495.6888, 18.8808,  -2246.1067, 492.1998, 18.8808,  0, 0, 0
L -2246.1067, 492.1998, 18.8808,  -2255.4734, 492.1996, 18.8808,  0, 0, 0
L -2255.4734, 492.1996, 18.8808,  -2255.4722, 510.1246, 18.8808,  0, 0, 0
L -2255.4722, 510.1246, 18.8808,  -2272.3794, 546.1749, 18.8809,  0, 0, 0
L -2272.3794, 546.1749, 18.8809,  -2272.3792, 566.4573, 18.8811,  0, 0, 0
L -2272.3792, 566.4573, 18.8811,  -2264.1016, 563.3498, 18.8811,  0, 0, 0
L -2264.1016, 563.3498, 18.8811,  -2267.5938, 572.6608, 18.8811,  0, 0, 0
L -2267.5938, 572.6608, 18.8811,  -2267.5933, 592.3802, 18.8811,  0, 0, 0
L -2267.5933, 592.3802, 18.8811,  -2264.1016, 601.7047, 18.8811,  0, 0, 0
L -2264.1016, 601.7047, 18.8811,  -2272.3787, 598.5990, 18.8811,  0, 0, 0
L -2272.3787, 598.5990, 18.8811,  -2272.3792, 620.7956, 18.8811,  0, 0, 0
L -2272.3792, 620.7956, 18.8811,  -2263.9229, 638.9615, 18.8811,  0, 0, 0
L -2263.9229, 638.9615, 18.8811,  -2263.9246, 649.9349, 18.8811,  0, 0, 0
L -2263.9246, 649.9349, 18.8811,  -2260.9175, 651.7396, 18.8811,  0, 0, 0
L -2260.9175, 651.7396, 18.8811,  -2261.3367, 680.7589, 18.8764,  0, 0, 0
L -2261.3367, 680.7589, 18.8764,  -2259.9900, 699.9294, 18.8812,  0, 0, 0
L -2259.9900, 699.9294, 18.8812,  -2259.8938, 726.4125, 18.8775,  0, 0, 0
L -2259.8938, 726.4125, 18.8775,  -2259.9954, 756.5656, 18.8810,  0, 0, 0
L -2259.9954, 756.5656, 18.8810,  -2244.6978, 760.9966, 18.8810,  0, 0, 0
L -2244.6978, 760.9966, 18.8810,  -2244.7000, 750.0810, 18.8811,  0, 0, 0
L -2244.7000, 750.0810, 18.8811,  -2223.3206, 750.0786, 18.9493,  0, 0, 0
L -2223.3206, 750.0786, 19.4997,  -2223.3230, 770.1368, 19.5105,  0, 0, 0
L -2224.8296, 771.4554, 20.5859,  -2230.5159, 771.4551, 19.3457,  0, 0, 0
L -2230.5159, 771.4551, 19.3457,  -2230.4705, 775.1713, 22.9433,  0, 0, 0
L -2230.4690, 775.1713, 22.9437,  -2225.2649, 777.0928, 25.0344,  0, 0, 0
L -2225.2649, 777.0928, 25.0344,  -2215.3711, 785.4905, 28.3287,  0, 0, 0
L -2215.3711, 785.4905, 28.3287,  -2207.7256, 779.8129, 25.0412,  0, 0, 0
L -2207.7256, 779.8129, 25.0412,  -2191.4441, 797.5350, 28.5129,  0, 0, 0
L -2191.4441, 797.5350, 28.5129,  -2188.9192, 806.0779, 26.5906,  0, 0, 0
L -2188.9192, 806.0779, 26.5905,  -2156.5828, 797.5483, 30.3297,  0, 0, 0
L -2156.5828, 797.5483, 30.3297,  -2144.6106, 795.7220, 27.2489,  0, 0, 0
L -2144.6106, 795.7220, 27.2489,  -2137.8931, 800.4998, 28.5853,  0, 0, 0
L -2137.8931, 800.4998, 28.5853,  -2134.2078, 794.4231, 28.5635,  0, 0, 0
L -2134.2078, 794.4231, 28.5635,  -2120.2996, 790.3365, 28.2740,  0, 0, 0
L -2120.2996, 790.3365, 28.2740,  -2067.8135, 788.3317, 27.9331,  0, 0, 0
L -2067.8135, 788.3317, 27.9331,  -2068.3960, 766.0361, 24.8434,  0, 0, 0
L -2068.3960, 766.0361, 24.8434,  -2051.7222, 744.5043, 20.1868,  0, 0, 0
L -2051.7222, 744.5043, 20.1868,  -2042.0894, 744.6136, 21.5813,  0, 0, 0
L -2042.0894, 744.6136, 21.5813,  -2036.7245, 739.4427, 22.0772,  0, 0, 0
L -2036.7245, 739.4427, 22.0772,  -2036.3484, 724.9457, 20.7700,  0, 0, 0
L -2036.3484, 724.9457, 20.7700,  -2008.2332, 714.0096, 21.9480,  0, 0, 0
L -2008.2332, 714.0096, 21.9480,  -1982.8223, 719.0912, 23.1572,  0, 0, 0
L -1982.8223, 719.0912, 23.1572,  -1978.4043, 727.3085, 24.2308,  0, 0, 0
L -1978.4043, 727.3085, 24.2308,  -1951.3219, 735.5536, 26.1057,  0, 0, 0
L -1950.1591, 735.1677, 28.6702,  -1933.4336, 746.7569, 29.9364,  0, 0, 0
L -1933.4336, 746.7569, 29.9364,  -1926.9164, 761.1057, 28.3351,  0, 0, 0
L -1926.9164, 761.1057, 28.3351,  -1888.7577, 745.4562, 28.1668,  0, 0, 0
L -1888.7577, 745.4562, 28.1668,  -1875.2511, 743.0737, 28.2056,  0, 0, 0
L -1875.2511, 743.0737, 28.2056,  -1869.0237, 747.0685, 29.3080,  0, 0, 0
L -1869.0237, 747.0685, 29.3080,  -1867.6332, 739.8228, 24.2596,  0, 0, 0
L -1867.6332, 739.8228, 24.2596,  -1853.0292, 735.2816, 26.8316,  0, 0, 0
L -1853.0292, 735.2816, 26.8316,  -1828.4124, 731.9792, 28.2521,  0, 0, 0
L -1828.4124, 731.9792, 28.2521,  -1794.6399, 729.0919, 31.5985,  0, 0, 0
L -1794.6250, 729.0919, 31.6024,  -1794.6105, 708.7025, 23.8010,  0, 0, 0
L -1794.6105, 708.7025, 23.8010,  -1777.1022, 691.0659, 22.7387,  0, 0, 0
L -1777.1022, 691.0659, 22.7387,  -1769.6509, 693.2542, 24.2437,  0, 0, 0
L -1769.6509, 693.2542, 24.2437,  -1760.0569, 685.4639, 22.7953,  0, 0, 0
L -1760.0569, 685.4639, 22.7953,  -1757.0060, 683.9753, 22.6589,  0, 0, 0
L -1757.0060, 683.9753, 22.6589,  -1754.9108, 674.6165, 20.3843,  0, 0, 0
L -1754.9108, 674.6165, 20.3843,  -1731.4286, 662.8635, 19.1752,  0, 0, 0
L -1731.4286, 662.8635, 19.1752,  -1703.1930, 671.5074, 20.0791,  0, 0, 0
L -1703.1930, 671.5074, 20.0791,  -1701.7902, 679.4798, 21.5019,  0, 0, 0
L -1701.7902, 679.4798, 21.5019,  -1694.5436, 682.0667, 22.5529,  0, 0, 0
L -1694.5436, 682.0667, 22.5529,  -1689.2028, 685.6984, 23.7174,  0, 0, 0
L -1689.2028, 685.6984, 23.7174,  -1679.1210, 684.7806, 25.0877,  0, 0, 0
L -1679.1210, 684.7806, 25.0877,  -1661.6874, 697.1677, 25.4520,  0, 0, 0
L -1661.6874, 697.1677, 25.4520,  -1656.9972, 707.4070, 27.1852,  0, 0, 0
L -1656.9972, 707.4070, 27.1852,  -1654.9928, 712.3840, 29.8309,  0, 0, 0
L -1654.9928, 712.3840, 29.8309,  -1622.8694, 700.1829, 29.1768,  0, 0, 0
L -1622.8694, 700.1829, 29.1768,  -1607.5353, 697.6315, 29.6723,  0, 0, 0
L -1607.5271, 697.6301, 29.6734,  -1600.9805, 701.1611, 31.0755,  0, 0, 0
L -1600.9811, 701.1600, 31.0778,  -1598.5088, 694.7991, 30.0135,  0, 0, 0
L -1598.5088, 694.7991, 30.0135,  -1584.8379, 690.8036, 31.0827,  0, 0, 0
L -1584.8379, 690.8036, 31.0827,  -1573.7195, 687.3749, 27.7559,  0, 0, 0
L -1573.7195, 687.3749, 27.7559,  -1556.7444, 685.8690, 28.4173,  0, 0, 0
L -1556.7444, 685.8690, 28.4173,  -1529.9463, 683.1442, 30.2936,  0, 0, 0
L -1529.9463, 683.1442, 30.2936,  -1527.6680, 682.9135, 30.3890,  0, 0, 0
L -1527.6680, 682.9135, 30.3890,  -1526.1426, 667.5270, 30.1826,  0, 0, 0
L -1526.1426, 667.5270, 30.1826,  -1515.1117, 655.7632, 27.5728,  0, 0, 0
L -1515.1117, 655.7632, 27.5728,  -1507.7234, 648.4639, 22.3774,  0, 0, 0
L -1507.7234, 648.4639, 22.3774,  -1501.1067, 649.9634, 23.0611,  0, 0, 0
L -1501.1067, 649.9634, 23.0611,  -1494.3838, 644.3568, 21.4904,  0, 0, 0
L -1494.3838, 644.3568, 21.4904,  -1491.0685, 642.7169, 21.2018,  0, 0, 0
L -1491.0685, 642.7169, 21.2018,  -1490.0647, 633.8885, 20.2128,  0, 0, 0
L -1490.0647, 633.8885, 20.2128,  -1464.9491, 622.6753, 20.6016,  0, 0, 0
L -1464.9491, 622.6753, 20.6016,  -1442.8987, 628.9529, 25.3385,  0, 0, 0
L -1442.8987, 628.9529, 25.3385,  -1439.7444, 636.4821, 26.7796,  0, 0, 0
L -1439.7444, 636.4821, 26.7796,  -1428.7228, 639.7328, 23.7430,  0, 0, 0
L -1428.7228, 639.7328, 23.7430,  -1422.8462, 643.7504, 24.3354,  0, 0, 0
L -1422.8462, 643.7504, 24.3354,  -1412.6725, 641.1606, 23.2681,  0, 0, 0
L -1412.6725, 641.1606, 23.2681,  -1395.1969, 656.0862, 28.2884,  0, 0, 0
L -1395.1969, 656.0862, 28.2884,  -1392.5862, 666.0049, 30.8819,  0, 0, 0
L -1392.5862, 666.0049, 30.8819,  -1371.1493, 657.2114, 31.6633,  0, 0, 0
L -1371.1493, 657.2114, 31.6633,  -1356.2753, 650.2590, 27.9123,  0, 0, 0
L -1356.2753, 650.2590, 27.9123,  -1341.4590, 647.8691, 28.9275,  0, 0, 0
L -1341.4590, 647.8691, 28.9275,  -1334.9319, 651.6908, 29.8433,  0, 0, 0
L -1334.9319, 651.6908, 29.8433,  -1332.7338, 645.9655, 29.8042,  0, 0, 0
L -1332.7338, 645.9655, 29.8042,  -1316.9386, 640.5062, 30.3185,  0, 0, 0
L -1316.9386, 640.5062, 30.3185,  -1297.4408, 637.1210, 30.9742,  0, 0, 0
L -1297.4408, 637.1210, 30.9742,  -1269.3904, 633.3439, 24.9094,  0, 0, 0
L -1269.3904, 633.3439, 24.9094,  -1262.4418, 632.4326, 24.6853,  0, 0, 0
L -1262.4418, 632.4326, 24.6853,  -1260.0082, 612.7139, 24.7628,  0, 0, 0
L -1260.0082, 612.7139, 24.7628,  -1245.5044, 598.3210, 25.3799,  0, 0, 0
L -1245.5044, 598.3210, 25.3799,  -1236.0066, 598.1064, 26.0143,  0, 0, 0
L -1236.0066, 598.1064, 26.0143,  -1229.8622, 591.9105, 24.6265,  0, 0, 0
L -1229.8622, 591.9105, 24.6265,  -1224.3488, 588.8375, 21.8041,  0, 0, 0
L -1224.3488, 588.8375, 21.8041,  -1226.1276, 580.6963, 16.8272,  0, 0, 0
L -1226.1276, 580.6963, 16.8272,  -1197.7477, 568.2256, 18.2780,  0, 0, 0
L -1197.7477, 568.2256, 18.2780,  -1173.3367, 575.4191, 22.3388,  0, 0, 0
L -1173.3367, 575.4191, 22.3388,  -1170.6626, 583.1198, 23.9636,  0, 0, 0
L -1170.6626, 583.1198, 23.9636,  -1163.4513, 585.1294, 20.9175,  0, 0, 0
L -1163.4513, 585.1294, 20.9175,  -1156.8528, 589.4360, 23.3162,  0, 0, 0
L -1156.8528, 589.4360, 23.3162,  -1146.1050, 587.8972, 24.1252,  0, 0, 0
L -1146.1050, 587.8972, 24.1252,  -1129.0066, 602.3488, 29.0189,  0, 0, 0
L -1129.0066, 602.3488, 29.0189,  -1125.1664, 613.8245, 29.7773,  0, 0, 0
L -1125.1664, 613.8245, 29.7773,  -1124.6393, 615.4068, 29.8503,  0, 0, 0
L -1124.6393, 615.4068, 29.8503,  -1083.5325, 603.4979, 28.5903,  0, 0, 0
L -1083.5325, 603.4979, 28.5902,  -1070.3611, 602.2347, 28.0113,  0, 0, 0
L -1070.3611, 602.2347, 28.0113,  -1064.8792, 606.8062, 27.8132,  0, 0, 0
L -1064.8792, 606.8062, 27.8132,  -1061.4579, 600.5088, 27.1256,  0, 0, 0
L -1061.4579, 600.5088, 27.1256,  -1047.5541, 595.8065, 24.2322,  0, 0, 0
L -1047.5541, 595.8065, 24.2322,  -1033.4778, 595.2433, 25.2378,  0, 0, 0
L -1033.4778, 595.2433, 25.2378,  -1012.5737, 595.1363, 29.3553,  0, 0, 0
L -1012.5737, 595.1363, 29.3553,  -988.9847, 595.0162, 30.3925,  0, 0, 0
L -988.9847, 595.0162, 30.3925,  -987.8356, 578.1821, 27.6007,  0, 0, 0
L -987.8356, 578.1821, 27.6007,  -971.7967, 561.4069, 22.8266,  0, 0, 0
L -971.7967, 561.4069, 22.8266,  -964.7250, 563.7063, 25.7110,  0, 0, 0
L -964.7250, 563.7063, 25.7110,  -957.1841, 556.3170, 22.6859,  0, 0, 0
L -957.1841, 556.3170, 22.6859,  -952.3450, 554.2732, 23.2114,  0, 0, 0
L -952.3450, 554.2732, 23.2114,  -949.9904, 544.9130, 21.9504,  0, 0, 0
L -949.9904, 544.9130, 21.9504,  -926.2531, 534.3445, 20.2690,  0, 0, 0
L -926.2531, 534.3445, 20.2690,  -904.0626, 541.3617, 24.5560,  0, 0, 0
L -904.0626, 541.3617, 24.5560,  -902.4658, 548.4084, 26.8362,  0, 0, 0
L -902.4658, 548.4084, 26.8362,  -891.7626, 551.4244, 29.0760,  0, 0, 0
L -891.7626, 551.4244, 29.0760,  -880.5901, 559.5068, 31.8874,  0, 0, 0
L -880.5901, 559.5068, 31.8874,  -867.6733, 561.7273, 29.1451,  0, 0, 0
L -867.6733, 561.7273, 29.1451,  -858.4901, 568.0372, 27.9140,  0, 0, 0
L -858.4901, 568.0372, 27.9140,  -855.0844, 580.9280, 28.8466,  0, 0, 0
L -855.0844, 580.9280, 28.8466,  -815.4559, 569.2805, 27.9519,  0, 0, 0
L -815.4559, 569.2805, 27.9519,  -800.3561, 568.5688, 29.2602,  0, 0, 0
L -800.3561, 568.5688, 29.2602,  -795.1439, 572.7770, 29.4145,  0, 0, 0
L -795.1439, 572.7770, 29.4145,  -791.2574, 566.8359, 30.0457,  0, 0, 0
L -791.2574, 566.8359, 30.0457,  -776.7602, 563.4111, 31.8146,  0, 0, 0
L -776.7602, 563.4111, 31.8146,  -752.4589, 562.7537, 32.8644,  0, 0, 0
L -752.4589, 562.7537, 32.8644,  -726.4418, 561.0327, 30.4586,  0, 0, 0
L -726.4418, 561.0327, 30.4586,  -727.9305, 542.5164, 28.3742,  0, 0, 0
L -727.9305, 542.5164, 28.3742,  -718.5781, 529.4205, 28.2383,  0, 0, 0
L -718.5781, 529.4205, 28.2383,  -709.7050, 526.5255, 28.9750,  0, 0, 0
L -709.7050, 526.5255, 28.9750,  -702.2822, 516.1229, 26.7419,  0, 0, 0
L -702.2822, 516.1229, 26.7419,  -695.3127, 511.1985, 25.8140,  0, 0, 0
L -695.3127, 511.1985, 25.8140,  -695.4972, 502.9990, 23.3720,  0, 0, 0
L -695.4972, 502.9990, 23.3720,  -676.2507, 488.6340, 17.8359,  0, 0, 0
L -676.2507, 488.6340, 17.8359,  -649.8262, 491.5172, 21.3185,  0, 0, 0
L -649.8262, 491.5172, 21.3185,  -645.9733, 498.7996, 22.4020,  0, 0, 0
L -645.9733, 498.7996, 22.4020,  -631.5884, 502.2026, 24.3421,  0, 0, 0
L -631.5884, 502.2026, 24.3421,  -622.3470, 500.6640, 25.9932,  0, 0, 0
L -622.3470, 500.6640, 25.9932,  -603.5356, 510.5946, 28.5843,  0, 0, 0
L -603.5356, 510.5946, 28.5843,  -597.6022, 523.0085, 28.4085,  0, 0, 0
L -597.6022, 523.0085, 28.4085,  -596.0330, 524.3151, 28.8006,  0, 0, 0
L -596.0330, 524.3151, 28.8006,  -571.9355, 515.9642, 29.9644,  0, 0, 0
L -571.9355, 515.9642, 29.9644,  -554.5403, 511.1736, 30.2512,  0, 0, 0
L -554.5403, 511.1736, 30.2512,  -538.9618, 509.9622, 30.7387,  0, 0, 0
L -538.9618, 509.9622, 30.7387,  -533.2260, 513.8231, 31.6168,  0, 0, 0
L -533.2260, 513.8231, 31.6168,  -531.1202, 508.2190, 29.7296,  0, 0, 0
L -531.1202, 508.2190, 29.7295,  -515.0715, 503.6359, 28.0771,  0, 0, 0
L -515.0715, 503.6359, 28.0771,  -469.4729, 502.3633, 31.2976,  0, 0, 0
L -469.4729, 502.3633, 31.2976,  -456.6413, 501.6025, 29.4504,  0, 0, 0
L -456.6413, 501.6025, 29.4504,  -458.2324, 487.9623, 31.4357,  0, 0, 0
L -458.2324, 487.9623, 31.4356,  -458.2958, 480.0611, 28.7425,  0, 0, 0
L -458.2958, 480.0611, 28.7425,  -441.0996, 462.0726, 23.0644,  0, 0, 0
L -441.0996, 462.0726, 23.0644,  -434.3049, 464.4969, 24.5705,  0, 0, 0
L -434.3049, 464.4969, 24.5705,  -427.1922, 458.3514, 25.3989,  0, 0, 0
L -427.1922, 458.3514, 25.3989,  -420.5139, 455.0884, 25.9435,  0, 0, 0
L -420.5139, 455.0884, 25.9435,  -419.9882, 447.3225, 23.2006,  0, 0, 0
L -419.9882, 447.3225, 23.2006,  -398.8407, 437.2956, 20.8955,  0, 0, 0
L -398.8407, 437.2956, 20.8955,  -372.2554, 444.7925, 21.7333,  0, 0, 0
L -372.2554, 444.7925, 21.7333,  -370.2624, 451.7244, 22.2723,  0, 0, 0
L -370.2624, 451.7244, 22.2723,  -363.6971, 453.6692, 22.3692,  0, 0, 0
L -363.6971, 453.6692, 22.3692,  -357.8109, 458.0674, 24.6945,  0, 0, 0
L -357.8109, 458.0674, 24.6945,  -350.8361, 453.6295, 22.8804,  0, 0, 0
L -350.8361, 453.6295, 22.8804,  -333.6961, 456.5991, 23.4090,  0, 0, 0
L -333.6961, 456.5991, 23.4090,  -339.6949, 463.4541, 28.1206,  0, 0, 0
L -339.6949, 463.4541, 28.1206,  -331.8538, 469.6667, 29.5886,  0, 0, 0
L -331.8538, 469.6667, 29.5886,  -330.2707, 477.2572, 31.0694,  0, 0, 0
L -330.2707, 477.2572, 31.0694,  -317.5411, 471.6527, 27.5419,  0, 0, 0
L -317.5411, 471.6527, 27.5419,  -290.0730, 463.9606, 29.1158,  0, 0, 0
L -290.0730, 463.9606, 29.1158,  -275.1040, 463.0058, 30.5327,  0, 0, 0
L -275.1040, 463.0058, 30.5327,  -269.4970, 467.0597, 30.9476,  0, 0, 0
L -269.4970, 467.0597, 30.9476,  -266.6093, 461.5152, 31.1789,  0, 0, 0
L -266.6093, 461.5152, 31.1789,  -251.7146, 458.3596, 31.7545,  0, 0, 0
L -251.7146, 458.3596, 31.7545,  -231.3618, 455.0210, 26.9043,  0, 0, 0
L -231.3618, 455.0210, 26.9043,  -213.0811, 454.7271, 26.3479,  0, 0, 0
L -213.0811, 454.7271, 26.3479,  -196.1547, 454.3930, 26.5598,  0, 0, 0
L -196.1547, 454.3930, 26.5597,  -192.7744, 433.5598, 28.9690,  0, 0, 0
L -192.7744, 433.5598, 28.9690,  -181.9467, 424.7688, 29.1758,  0, 0, 0
L -181.9467, 424.7688, 29.1758,  -168.2894, 420.3792, 28.1811,  0, 0, 0
L -168.2894, 420.3792, 28.1811,  -161.3016, 414.8308, 23.0848,  0, 0, 0
L -161.3016, 414.8308, 23.0848,  -155.4849, 412.6570, 23.5409,  0, 0, 0
L -155.4849, 412.6570, 23.5409,  -154.5193, 404.9002, 21.6900,  0, 0, 0
L -154.5193, 404.9002, 21.6900,  -130.0534, 396.2575, 21.7390,  0, 0, 0
L -130.0534, 396.2575, 21.7390,  -105.9998, 405.1888, 22.4481,  0, 0, 0
L -105.9998, 405.1888, 22.4481,  -105.8218, 412.3939, 24.4876,  0, 0, 0
L -105.8218, 412.3939, 24.4876,  -98.0233, 415.2238, 25.7215,  0, 0, 0
L -98.0233, 415.2238, 25.7215,  -90.8374, 421.4559, 27.9664,  0, 0, 0
L -90.8374, 421.4559, 27.9664,  -77.4171, 425.4554, 29.2790,  0, 0, 0
L -77.4171, 425.4554, 29.2790,  -67.4241, 434.2564, 30.4542,  0, 0, 0
L -67.4241, 434.2564, 30.4542,  -66.0790, 444.1564, 30.4347,  0, 0, 0
L -66.0790, 444.1564, 30.4347,  -34.4557, 430.3544, 28.5142,  0, 0, 0
L -34.4557, 430.3544, 28.5142,  -17.2372, 427.0668, 28.8454,  0, 0, 0
L -17.2372, 427.0668, 28.8454,  -11.1303, 431.0026, 29.8566,  0, 0, 0
L -11.1303, 431.0026, 29.8566,  -8.1970, 424.8433, 29.1453,  0, 0, 0
L -8.1970, 424.8433, 29.1453,  4.7720, 419.0460, 26.6956,  0, 0, 0
L 4.7720, 419.0460, 26.6956,  18.6406, 417.6115, 26.3946,  0, 0, 0
L 18.6406, 417.6115, 26.3946,  61.2226, 413.1143, 30.6927,  0, 0, 0
L 61.2226, 413.1143, 30.6927,  61.2226, 413.1143, 30.6927,  0, 0, 0
L 61.2054, 413.1163, 30.6925,  60.1027, 395.9185, 27.5902,  0, 0, 0
L 60.1027, 395.9185, 27.5902,  72.0194, 377.7687, 24.6352,  0, 0, 0
L 72.0194, 377.7687, 24.6352,  80.4198, 376.8443, 24.8035,  0, 0, 0
L 80.4198, 376.8443, 24.8035,  85.1298, 370.3964, 24.1012,  0, 0, 0
L 85.1298, 370.3964, 24.1012,  90.4378, 366.5690, 24.2469,  0, 0, 0
L 90.4378, 366.5690, 24.2469,  90.4295, 356.7242, 22.9584,  0, 0, 0
L 90.4295, 356.7242, 22.9584,  109.6740, 343.5205, 17.7734,  0, 0, 0
L 109.6740, 343.5205, 17.7734,  142.0719, 348.1099, 18.8641,  0, 0, 0
L 142.0719, 348.1099, 18.8641,  142.2808, 353.8632, 21.2892,  0, 0, 0
L 142.2808, 353.8632, 21.2892,  153.0287, 357.5643, 25.0102,  0, 0, 0
L 153.0287, 357.5643, 25.0102,  157.2976, 351.7050, 20.2964,  0, 0, 0
L 157.2976, 351.7050, 20.2964,  180.7256, 364.0895, 26.3507,  0, 0, 0
L 180.7256, 364.0895, 26.3507,  185.7727, 375.6894, 28.1210,  0, 0, 0
L 185.7727, 375.6894, 28.1210,  204.4984, 371.2797, 28.7678,  0, 0, 0
L 204.4984, 371.2797, 28.7678,  230.0110, 366.6615, 30.0185,  0, 0, 0
L 230.0110, 366.6615, 30.0185,  243.9379, 366.3579, 27.0728,  0, 0, 0
L 243.9379, 366.3579, 27.0728,  248.6193, 371.3213, 28.3313,  0, 0, 0
L 248.6193, 371.3213, 28.3313,  253.1001, 365.1416, 27.2619,  0, 0, 0
L 253.1001, 365.1416, 27.2619,  266.9552, 362.8019, 27.6391,  0, 0, 0
L 266.9552, 362.8019, 27.6391,  297.1015, 364.0007, 29.3990,  0, 0, 0
L 297.1015, 364.0007, 29.3990,  317.8951, 365.3357, 28.4953,  0, 0, 0
L 317.8951, 365.3357, 28.4953,  319.0779, 352.5649, 27.0765,  0, 0, 0
L 319.0779, 352.5649, 27.0765,  333.3719, 338.1367, 24.5993,  0, 0, 0
L 333.3719, 338.1367, 24.5993,  339.8402, 339.8384, 25.7195,  0, 0, 0
L 339.8402, 339.8384, 25.7195,  345.6603, 334.7200, 24.6540,  0, 0, 0
L 345.6603, 334.7200, 24.6540,  349.0144, 333.0741, 24.4675,  0, 0, 0
L 349.0144, 333.0741, 24.4674,  349.7544, 326.1483, 22.5804,  0, 0, 0
L 349.7544, 326.1483, 22.5804,  368.5677, 318.3617, 24.4694,  0, 0, 0
L 368.5677, 318.3617, 24.4694,  376.5598, 321.0569, 29.2358,  0, 0, 0
L 376.5598, 321.0569, 29.2358,  379.2269, 327.1465, 31.1044,  0, 0, 0
L 379.2269, 327.1465, 31.1044,  385.8448, 327.8202, 32.8188,  0, 0, 0
L 385.8448, 327.8202, 32.8188,  398.6986, 330.3076, 39.7600,  0, 0, 0
L 398.6986, 330.3076, 39.7600,  407.0301, 331.9226, 45.0677,  0, 0, 0
L -1382.1238, 393.8372, 16.6934,  -1369.1708, 393.8370, 16.4307,  0, 240, 0
L -1369.1686, 397.9520, 16.7419,  -1369.1708, 393.8370, 16.4316,  0, 240, 0
L -1369.1670, 397.9526, 16.7436,  -1330.8473, 397.9520, 16.7424,  0, 240, 0
L -1330.8473, 397.9520, 16.7424,  -1330.8489, 394.9573, 16.4307,  0, 240, 0
L -1375.8821, 339.6870, 16.4307,  -1365.3672, 339.6862, 16.4307,  0, 240, 0
L -1365.3672, 339.6862, 16.4307,  -1365.3638, 324.5385, 16.4228,  0, 240, 0
L -1375.4009, 324.5389, 16.4268,  -1365.3638, 324.5385, 16.4241,  0, 240, 0
L -1376.0956, 325.1884, 16.4290,  -1375.8855, 294.6071, 16.4272,  127, 64, 0
L -1375.8855, 294.6071, 16.4272,  -1369.2183, 294.6088, 16.3839,  0, 240, 0
L -1369.2183, 294.6088, 16.4335,  -1369.2166, 285.1652, 16.4542,  0, 240, 0
L -1369.2166, 285.1652, 16.4542,  -1311.0298, 326.1653, 16.4554,  127, 64, 0
L -1311.0298, 326.1653, 16.4554,  -1310.9391, 338.7131, 16.4307,  0, 240, 0
L -1310.9391, 338.7131, 16.4307,  -1297.7531, 338.7122, 16.4307,  0, 240, 0
L -1297.7510, 329.9061, 16.4543,  -1297.7531, 338.7122, 16.4322,  0, 240, 0
L -1297.7527, 329.8177, 16.4546,  -1243.6797, 329.6693, 16.4551,  127, 64, 0
L -1243.6797, 329.6693, 16.4551,  -1243.6780, 338.7097, 16.4307,  0, 240, 0
L -1243.6780, 338.7097, 16.4307,  -1230.4799, 338.7122, 16.4307,  0, 240, 0
L -1230.4817, 326.4549, 16.4539,  -1230.4799, 338.7122, 16.4307,  0, 240, 0
L -1230.4817, 326.0097, 16.4550,  -1172.8761, 285.2767, 16.4542,  127, 64, 0
L -1172.8761, 285.2767, 16.4542,  -1172.8754, 294.6070, 16.4331,  0, 240, 0
L -1166.3042, 294.6071, 16.4307,  -1172.8754, 294.6070, 16.4307,  0, 240, 0
L -1166.0801, 294.6073, 16.4307,  -1166.1852, 325.5143, 16.4307,  127, 64, 0
L -1166.1852, 325.5143, 16.4307,  -1175.6957, 325.5109, 16.4307,  0, 240, 0
L -1175.6917, 338.7135, 16.4307,  -1175.6957, 325.5109, 16.4307,  0, 240, 0
L -1166.6187, 338.7118, 16.4307,  -1175.6917, 338.7135, 16.4307,  0, 240, 0
L -1166.0923, 338.7115, 16.4307,  -1166.1984, 393.8366, 16.4307,  127, 64, 0
L -1213.9983, 338.2386, 16.4307,  -1226.2107, 335.3487, 16.4307,  0, 127, 127
L -1226.2107, 335.3487, 16.4307,  -1236.0712, 342.1751, 16.4307,  0, 127, 127
L -1236.0712, 342.1751, 16.4307,  -1238.5530, 353.9384, 16.5868,  0, 127, 127
L -1238.5530, 353.9384, 16.5868,  -1231.9751, 364.1044, 16.5805,  0, 127, 127
L -1231.9751, 364.1044, 16.5805,  -1220.3196, 366.7069, 16.5805,  0, 127, 127
L -1220.3196, 366.7069, 16.5805,  -1210.1570, 359.8969, 16.5805,  0, 127, 127
L -1210.1570, 359.8969, 16.5805,  -1207.5669, 348.3204, 16.4307,  0, 127, 127
L -1207.5669, 348.3204, 16.4307,  -1214.1735, 338.0473, 16.4307,  0, 127, 127
L -1207.6934, 332.6932, 16.4307,  -1206.4507, 321.3537, 16.4307,  127, 127, 0
L -1206.4507, 321.3537, 16.4307,  -1196.7533, 313.9639, 16.4341,  127, 127, 0
L -1196.7533, 313.9639, 16.4341,  -1184.4279, 315.2457, 16.4307,  127, 127, 0
L -1184.4279, 315.2457, 16.4307,  -1177.3368, 324.4159, 16.4307,  127, 127, 0
L -1177.3368, 324.4159, 16.4307,  -1178.6045, 335.9433, 16.4307,  127, 127, 0
L -1178.6045, 335.9433, 16.4307,  -1187.4738, 343.5208, 16.4307,  127, 127, 0
L -1187.4738, 343.5208, 16.4307,  -1198.9091, 342.9131, 16.4307,  127, 127, 0
L -1198.9091, 342.9131, 16.4307,  -1207.7017, 333.1446, 16.4307,  127, 127, 0
L -1199.4795, 353.1212, 16.5825,  -1187.1946, 355.7844, 16.4307,  60, 60, 60
L -1187.1946, 355.7844, 16.4307,  -1180.6967, 365.6000, 16.4307,  60, 60, 60
L -1180.6967, 365.6000, 16.4307,  -1182.9739, 377.0016, 16.4307,  60, 60, 60
L -1182.9739, 377.0016, 16.4307,  -1192.9915, 384.3600, 16.4307,  60, 60, 60
L -1192.9915, 384.3600, 16.4307,  -1204.8810, 381.8823, 16.4307,  60, 60, 60
L -1204.8810, 381.8823, 16.4307,  -1211.8534, 371.8648, 16.5805,  60, 60, 60
L -1211.8534, 371.8648, 16.5805,  -1209.2594, 360.1656, 16.5805,  60, 60, 60
L -1209.2594, 360.1656, 16.5805,  -1199.3633, 353.0697, 16.6151,  60, 60, 60
L -1244.0065, 363.2929, 16.5805,  -1254.9928, 365.6495, 18.4021,  127, 127, 0
L -1254.9928, 365.6495, 18.4021,  -1261.7063, 374.4798, 16.5805,  127, 127, 0
L -1261.7063, 374.4798, 16.5805,  -1259.6316, 386.5255, 18.1780,  127, 127, 0
L -1259.6316, 386.5255, 18.1780,  -1250.0530, 392.9422, 18.8900,  127, 127, 0
L -1250.0530, 392.9422, 18.8900,  -1239.0414, 390.8205, 18.5135,  127, 127, 0
L -1239.0414, 390.8205, 18.5135,  -1231.9203, 381.3047, 16.4372,  127, 127, 0
L -1231.9203, 381.3047, 16.4372,  -1234.1121, 369.7490, 16.5805,  127, 127, 0
L -1234.1121, 369.7490, 16.5805,  -1243.6377, 363.1072, 16.5805,  127, 127, 0
L -1293.9048, 375.0968, 18.1383,  -1296.2051, 386.7347, 16.4307,  0, 127, 127
L -1296.2051, 386.7347, 16.4307,  -1306.2483, 392.4279, 18.7532,  0, 127, 127
L -1306.2483, 392.4279, 18.7532,  -1317.2793, 390.5582, 18.9397,  0, 127, 127
L -1317.2793, 390.5582, 18.9397,  -1323.9839, 380.6802, 16.4324,  0, 127, 127
L -1323.9839, 380.6802, 16.4324,  -1321.2013, 369.8277, 18.9792,  0, 127, 127
L -1321.2013, 369.8277, 18.9792,  -1311.5846, 362.8251, 16.5805,  0, 127, 127
L -1311.5846, 362.8251, 16.5805,  -1300.5044, 365.3065, 16.5805,  0, 127, 127
L -1300.5044, 365.3065, 16.5805,  -1293.6128, 375.0813, 16.5805,  0, 127, 127
L -1334.8135, 380.3913, 16.5805,  -1344.6526, 386.8044, 17.9629,  60, 60, 60
L -1344.6526, 386.8044, 17.9629,  -1355.8091, 384.5677, 16.4307,  60, 60, 60
L -1355.8091, 384.5677, 16.4307,  -1362.5923, 374.9505, 16.4307,  60, 60, 60
L -1362.5923, 374.9505, 16.4307,  -1359.9961, 363.8194, 21.4184,  60, 60, 60
L -1359.9961, 363.8194, 21.4184,  -1350.7748, 356.4394, 16.5805,  60, 60, 60
L -1350.7748, 356.4394, 16.5805,  -1338.4417, 359.4388, 16.5824,  60, 60, 60
L -1338.4417, 359.4388, 16.5824,  -1332.3606, 368.5721, 16.5805,  60, 60, 60
L -1332.3606, 368.5721, 16.5805,  -1334.4479, 380.7323, 16.4307,  60, 60, 60
L -1337.7509, 347.2164, 16.4307,  -1349.1167, 348.6954, 18.2837,  127, 0, 0
L -1349.1167, 348.6954, 18.2837,  -1358.6929, 342.0753, 16.4307,  127, 0, 0
L -1358.6929, 342.0753, 16.4307,  -1360.2858, 330.3484, 18.5355,  127, 0, 0
L -1360.2858, 330.3484, 18.5355,  -1353.7914, 320.9384, 18.7773,  127, 0, 0
L -1353.7914, 320.9384, 18.7773,  -1342.5768, 318.9508, 16.4307,  127, 0, 0
L -1342.5768, 318.9508, 16.4307,  -1332.7941, 326.1482, 18.7846,  127, 0, 0
L -1332.7941, 326.1482, 18.7846,  -1331.1962, 337.5772, 18.3187,  127, 0, 0
L -1331.1957, 337.5772, 18.3183,  -1337.9983, 347.3515, 16.4307,  127, 0, 0
L -1214.2886, 314.1766, -7.3828,  -1219.0026, 309.3952, -7.3823,  127, 127, 127
L -1219.0026, 309.3952, -7.3823,  -1219.2267, 285.5898, -7.3824,  127, 127, 127
L -1219.2267, 285.5898, -7.3865,  -1242.9855, 285.6590, -7.3842,  127, 127, 127
L -1242.9855, 285.6590, -7.3842,  -1270.9551, 258.0327, -7.3831,  127, 127, 127
L -1270.9551, 258.0327, -7.3830,  -1298.8605, 285.6572, -7.3831,  127, 127, 127
L -1298.8605, 285.6572, -7.3831,  -1322.6659, 285.5891, -7.3864,  127, 127, 127
L -1322.6659, 285.5891, -7.3822,  -1322.9695, 309.4806, -7.3827,  127, 127, 127
L -1322.9695, 309.4806, -7.3827,  -1327.6902, 314.2210, -7.3828,  127, 127, 127
L -1698.2311, 194.2177, -14.1956,  -1710.4186, 203.9764, -15.2258,  127, 64, 0
L -1710.4186, 203.9764, -15.1778,  -1720.1636, 191.4288, -14.8398,  127, 64, 0
L -1720.1636, 191.4288, -14.4391,  -1707.8859, 182.1658, -13.5361,  127, 64, 0
L -1707.8859, 182.1658, -13.0306,  -1698.2311, 194.2177, -13.6940,  127, 64, 0
L -1691.0354, 188.5694, -13.6703,  -1695.5370, 177.4114, -17.0098,  127, 127, 127
L -1695.5370, 177.4114, -17.0098,  -1701.1100, 155.0463, -17.1788,  127, 127, 127
L -1701.1100, 155.0463, -17.1788,  -1685.3699, 141.0293, -17.1671,  127, 127, 127
L -1685.3699, 141.0293, -17.1671,  -1681.8833, 131.7790, -17.2184,  127, 127, 127
L -1681.8833, 131.7790, -17.2184,  -1692.0291, 130.6136, -17.2184,  127, 127, 127
L -1692.0291, 130.6136, -17.2184,  -1691.7188, 109.6116, -17.2184,  127, 127, 127
L -1691.7188, 109.6116, -17.2184,  -1697.8466, 98.3148, -17.2184,  127, 127, 127
L -1697.8466, 98.3148, -17.2184,  -1687.0208, 66.6077, -17.2184,  127, 127, 127
L -1687.0208, 66.6077, -17.2184,  -1673.7422, 56.7807, -17.2184,  127, 127, 127
L -1673.7422, 56.7807, -17.2184,  -1668.0402, 47.8449, -17.2184,  127, 127, 127
L -1668.0402, 47.8449, -17.2184,  -1671.8285, 42.1473, -17.2184,  127, 127, 127
L -1671.8285, 42.1473, -17.2184,  -1675.1056, 32.7342, -17.2184,  127, 127, 127
L -1675.1056, 32.7342, -17.2184,  -1688.9435, 24.8347, -17.2184,  127, 127, 127
P 50.0968, 408.2125, 26.9186,  0, 0, 0,  2,  Krithss_Zeprin
