P 286.0968, -34.2716, -12.8402,  240, 0, 0,  3,  to_Hodstock_Hills_(Brust_Lraydo)
P -2300.4600, -497.0303, 70.3570,  240, 0, 0,  3,  to_Aureate_Covert
P 308.2454, 7.0298, -5.5528,  0, 127, 127,  2,  Mokolin_(Quests)
P 331.9402, -20.0723, -5.5528,  0, 127, 127,  2,  Wellalanon_(Quests)
P 113.0613, -44.3570, -3.0537,  0, 0, 0,  2,  Dexter_Tibblesbit_(Chief_Engineer)
P -2207.8030, 427.0327, -15.8038,  0, 240, 240,  2,  Alchemist_Balino_Frugin_(Raid,Mission)
P 50.0968, 408.2125, 26.9186,  0, 0, 0,  2,  Krithss_Zeprin
P -1688.4351, 23.4542, -19.0934,  240, 240, 0,  1,  .
P -1622.3910, -279.1512, -18.6244,  240, 240, 0,  1,  .
P -1540.1627, -511.0147, 4.8184,  240, 240, 0,  1,  .
P -773.2042, -297.0201, -9.0922,  240, 240, 0,  1,  .
